0.292233
-0.000000
0.000000
-0.000000
0.000000
-0.000000
0.000000
-0.000000
-0.000000
-0.000000
0.000000
0.000000
-0.000000
-0.000000
0.000000
0.000000
-0.000000
-0.000000
0.000000
-0.000000
0.000000
-0.000000
0.000000
-0.000000
-0.000000
0.000000
-0.000000
0.000000
-0.000000
0.000000
-0.000000
-0.000000
0.000000
-0.000000
0.000000
-0.000000
-0.000000
0.000000
0.000000
0.000000
-0.000000
-0.000000
0.000000
-0.000000
0.000000
0.000000
0.000000
-0.000000
-0.000000
0.000000
-0.000000
-0.000000
-0.000000
0.000000
0.000000
-0.000000
0.000000
-0.000000
-0.000000
0.000000
-0.000000
-0.000000
-0.000000
-0.000000
0.000000
-0.000000
0.000000
-0.000000
-0.000000
0.000000
0.000000
-0.000000
0.000000
-0.000000
0.000000
-0.000000
0.000000
-0.000000
-0.000000
0.000000
-0.000000
0.000000
-0.000000
0.000000
0.000000
-0.000000
0.000000
0.000000
-0.000000
0.000000
-0.000000
0.000000
0.000000
0.000000
-0.000000
0.000000
0.000000
-0.000000
-0.000000
0.000000
0.000000
-0.000000
-0.000000
-0.000000
0.000000
0.000000
-0.000000
0.000000
0.000000
0.000000
-0.000000
0.000000
0.000000
-0.000000
0.000000
-0.000000
0.000000
-0.000000
0.000000
-0.000000
0.000000
0.000000
0.000000
0.000000
-0.000000
-0.000000
0.000000
0.000000
-0.000000
0.000000
0.000000
-0.000000
-0.000000
0.000000
0.000000
-0.000000
0.000000
-0.000000
-0.000000
0.000000
0.000000
-0.000000
0.000000
-0.000000
0.000000
0.000000
-0.000000
0.000000
0.000000
-0.000000
0.000000
0.000000
-0.000000
0.000000
-0.000000
-0.000000
0.000000
0.000000
0.000000
0.000000
0.000000
-0.000000
0.000000
0.000000
-0.000000
0.000000
0.000000
-0.000000
-0.000000
0.000000
-0.000000
0.000000
-0.000000
-0.000000
-0.000000
0.000000
-0.000000
0.000000
-0.000000
0.000000
-0.000000
-0.000000
-0.000000
-0.000000
-0.000000
-0.000000
-0.000000
-0.000000
-0.000000
-0.000000
0.000001
0.000003
0.000005
0.000008
0.000013
0.000018
0.000024
0.000030
0.000038
0.000047
0.000056
0.000067
0.000078
0.000090
0.000104
0.000118
0.000133
0.000149
0.000166
0.000184
0.000203
0.000223
0.000244
0.000266
0.000289
0.000313
0.000338
0.000364
0.000391
0.000419
0.000448
0.000478
0.000510
0.000542
0.000576
0.000611
0.000646
0.000683
0.000721
0.000761
0.000801
0.000842
0.000885
0.000929
0.000974
0.001020
0.001068
0.001116
0.001166
0.001218
0.001270
0.001324
0.001379
0.001435
0.001493
0.001551
0.001612
0.001673
0.001736
0.001800
0.001866
0.001933
0.002001
0.002071
0.002142
0.002214
0.002288
0.002364
0.002441
0.002519
0.002599
0.002681
0.002763
0.002848
0.002934
0.003021
0.003110
0.003201
0.003293
0.003386
0.003482
0.003579
0.003678
0.003778
0.003880
0.003983
0.004089
0.004196
0.004305
0.004415
0.004528
0.004642
0.004757
0.004875
0.004995
0.005116
0.005240
0.005365
0.005492
0.005621
0.005752
0.005885
0.006019
0.006156
0.006295
0.006436
0.006578
0.006723
0.006870
0.007019
0.007170
0.007324
0.007479
0.007637
0.007796
0.007958
0.008122
0.008289
0.008458
0.008629
0.008802
0.008978
0.009156
0.009336
0.009519
0.009704
0.009892
0.010082
0.010274
0.010469
0.010667
0.010867
0.011070
0.011275
0.011483
0.011693
0.011906
0.012122
0.012341
0.012562
0.012786
0.013013
0.013243
0.013475
0.013710
0.013948
0.014189
0.014433
0.014680
0.014930
0.015183
0.015439
0.015697
0.015959
0.016224
0.016492
0.016763
0.017038
0.017315
0.017596
0.017880
0.018167
0.018457
0.018751
0.019048
0.019349
0.019652
0.019959
0.020270
0.020583
0.020901
0.021221
0.021546
0.021873
0.022204
0.022539
0.022877
0.023219
0.023565
0.023914
0.024267
0.024623
0.024983
0.025346
0.025713
0.026084
0.026459
0.026838
0.027220
0.027606
0.027996
0.028389
0.028785
0.029186
0.029590
0.029999
0.030411
0.030827
0.031248
0.031670
0.032098
0.032528
0.032963
0.033402
0.033845
0.034290
0.034740
0.035195
0.035652
0.036114
0.036578
0.037045
0.037519
0.037994
0.038472
0.038955
0.039442
0.039932
0.040427
0.040922
0.041421
0.041924
0.042432
0.042946
0.043458
0.043979
0.044498
0.045019
0.045547
0.046082
0.046613
0.047147
0.047686
0.048226
0.048769
0.049316
0.049868
0.050418
0.050975
0.051537
0.052099
0.052669
0.053241
0.053810
0.054379
0.054953
0.055523
0.056110
0.056689
0.057271
0.057859
0.058442
0.059041
0.059630
0.060218
0.060808
0.061415
0.062003
0.062611
0.063213
0.063919
0.064667
0.065422
0.066184
0.066954
0.067730
0.068514
0.069305
0.070104
0.070909
0.071723
0.072544
0.073372
0.074209
0.075053
0.075904
0.076764
0.077632
0.078507
0.079391
0.080283
0.081183
0.082091
0.083008
0.083933
0.084866
0.085808
0.086759
0.087719
0.088687
0.089664
0.090650
0.091645
0.092649
0.093662
0.094685
0.095716
0.096758
0.097808
0.098868
0.099938
0.101017
0.102107
0.103206
0.104315
0.105434
0.106563
0.107702
0.108852
0.110012
0.111183
0.112364
0.113555
0.114758
0.115971
0.117195
0.118430
0.119676
0.120934
0.122203
0.123483
0.124774
0.126077
0.127392
0.128718
0.130057
0.131407
0.132769
0.134144
0.135530
0.136929
0.138341
0.139765
0.141202
0.142652
0.144114
0.145589
0.147078
0.148580
0.150095
0.151623
0.153165
0.154721
0.156291
0.157874
0.159471
0.161083
0.162709
0.164349
0.166003
0.167673
0.169357
0.171055
0.172769
0.174498
0.176242
0.178002
0.179777
0.181567
0.183373
0.185196
0.187034
0.188888
0.190759
0.192646
0.194549
0.196469
0.198406
0.200360
0.202332
0.204320
0.206326
0.208349
0.210390
0.212449
0.214526
0.216621
0.218734
0.220866
0.223016
0.225186
0.227374
0.229581
0.231807
0.234053
0.236318
0.238603
0.240908
0.243233
0.245578
0.247944
0.250330
0.252737
0.255164
0.257613
0.260083
0.262575
0.265088
0.267623
0.270180
0.272759
0.275360
0.277984
0.280631
0.283301
0.285993
0.288709
0.291449
0.294212
0.296999
0.299810
0.302646
0.305506
0.308390
0.311300
0.314235
0.317195
0.320180
0.323191
0.326229
0.329292
0.332382
0.335498
0.338642
0.341812
0.345009
0.348235
0.351488
0.354768
0.358077
0.361415
0.364781
0.368176
0.371601
0.375055
0.378538
0.382051
0.385595
0.389169
0.392773
0.396409
0.400075
0.403773
0.407503
0.411265
0.415059
0.418886
0.422745
0.426637
0.430563
0.434522
0.438515
0.442542
0.446604
0.450700
0.454832
0.458999
0.463201
0.467439
0.471714
0.476025
0.480373
0.484758
0.489180
0.493640
0.498138
0.502675
0.507250
0.511864
0.516518
0.521211
0.525944
0.530718
0.535532
0.540387
0.545284
0.550222
0.555202
0.560225
0.565290
0.570398
0.575550
0.580746
0.585986
0.591270
0.596599
0.601974
0.607394
0.612860
0.618373
0.623932
0.629539
0.635193
0.640895
0.646646
0.652445
0.658293
0.664191
0.670139
0.676137
0.682187
0.688287
0.694439
0.700643
0.706900
0.713209
0.719572
0.725989
0.732460
0.738986
0.745567
0.752203
0.758896
0.765645
0.772451
0.779314
0.786236
0.793216
0.800255
0.807353
0.814511
0.821730
0.829009
0.836349
0.843752
0.851217
0.858745
0.866336
0.873991
0.881710
0.889495
0.897344
0.905260
0.913243
0.921292
0.929410
0.937595
0.945849
0.954173
0.962566
0.971030
0.979565
0.988171
0.996850
1.005601
1.014426
1.023325
1.032298
1.041346
1.050470
1.059671
1.068948
1.078303
1.087737
1.097249
1.106841
1.116512
1.126265
1.136099
1.146015
1.156014
1.166096
1.176262
1.186513
1.196850
1.207272
1.217782
1.228379
1.239064
1.249837
1.260701
1.271655
1.282699
1.293836
1.305065
1.316387
1.327803
1.339314
1.350920
1.362622
1.374422
1.386319
1.398314
1.410409
1.422603
1.434898
1.447295
1.459795
1.472397
1.485103
1.497915
1.510831
1.523854
1.536985
1.550223
1.563570
1.577027
1.590594
1.604273
1.618064
1.631968
1.645987
1.660120
1.674368
1.688733
1.703216
1.717817
1.732537
1.747378
1.762339
1.777423
1.792629
1.807959
1.823414
1.838994
1.854701
1.870535
1.886498
1.902590
1.918813
1.935167
1.951653
1.968272
1.985025
2.001914
2.018938
2.036100
2.053399
2.070838
2.088417
2.106136
2.123998
2.142003
2.160151
2.178445
2.196885
2.215471
2.234206
2.253090
2.272124
2.291309
2.310645
2.330136
2.349780
2.369579
2.389535
2.409648
2.429919
2.450349
2.470940
2.491693
2.512607
2.533685
2.554928
2.576336
2.597911
2.619654
2.641565
2.663646
2.685897
2.708321
2.730917
2.753687
2.776632
2.799753
2.823051
2.846526
2.870181
2.894016
2.918032
2.942230
2.966611
2.991176
3.015926
3.040862
3.065985
3.091296
3.116796
3.142487
3.168368
3.194440
3.220706
3.247165
3.273819
3.300669
3.327715
3.354958
3.382400
3.410041
3.437881
3.465923
3.494166
3.522612
3.551260
3.580113
3.609171
3.638434
3.667903
3.697579
3.727463
3.757556
3.787857
3.818368
3.849089
3.880021
3.911165
3.942520
3.974088
4.005868
4.037862
4.070070
4.102492
4.135128
4.167979
4.201046
4.234327
4.267825
4.301538
4.335467
4.369613
4.403974
4.438551
4.473345
4.508355
4.543581
4.579022
4.614679
4.650552
4.686639
4.722942
4.759458
4.796188
4.833132
4.870288
4.907656
4.945235
4.983025
5.021024
5.059232
5.097647
5.136269
5.175097
5.214128
5.253362
5.292798
5.332434
5.372268
5.412298
5.452524
5.492942
5.533552
5.574350
5.615336
5.656506
5.697858
5.739389
5.781098
5.822981
5.865035
5.907258
5.949646
5.992196
6.034905
6.077769
6.120785
6.163948
6.207254
6.250701
6.294282
6.337995
6.381834
6.425794
6.469870
6.514059
6.558353
6.602748
6.647237
6.713813
6.795021
6.872123
6.943704
7.024985
7.101678
7.170443
7.247642
7.319777
7.393451
7.461037
7.531551
7.601966
7.667750
7.733280
7.800115
7.865036
7.927696
7.989034
8.048688
8.106972
8.164526
8.222116
8.277326
8.331177
8.384311
8.436470
8.487373
8.537249
8.586097
8.634272
8.681670
8.728354
