8.774513
-994.935472
505.915175
-0.200556
-0.155882
-0.124688
-0.099742
-0.079787
-0.063824
-0.051054
-0.040839
-0.032668
-0.026132
-0.020903
-0.016720
-0.013375
-0.010698
-0.008557
-0.006844
-0.005474
-0.004378
-0.003502
-0.002800
-0.002239
-0.001791
-0.001432
-0.001145
-0.000915
-0.000731
-0.000584
-0.000467
-0.000372
-0.000297
-0.000237
-0.000189
-0.000150
-0.000120
-0.000095
-0.000075
-0.000059
-0.000047
-0.000037
-0.000029
-0.000022
-0.000017
-0.000013
-0.000010
-0.000007
-0.000005
-0.000003
-0.000002
-0.000001
0.000000
0.000001
0.000001
0.000002
0.000002
0.000002
0.000003
0.000003
0.000003
0.000003
0.000003
0.000003
0.000003
0.000003
0.000003
0.000003
0.000004
0.000004
0.000004
0.000004
0.000004
0.000004
0.000004
0.000004
0.000004
0.000004
0.000004
0.000004
0.000004
0.000004
0.000004
0.000004
0.000004
0.000004
0.000004
0.000004
0.000004
0.000004
0.000004
0.000004
0.000004
0.000004
0.000004
0.000004
0.000004
0.000004
0.000004
0.000004
0.000004
0.000004
0.000004
0.000004
0.000004
0.000004
0.000004
0.000004
0.000004
0.000004
0.000004
0.000004
0.000004
0.000004
0.000004
0.000004
0.000004
0.000004
0.000004
0.000004
0.000004
0.000004
0.000004
0.000004
0.000004
0.000004
0.000004
0.000004
0.000004
0.000004
0.000004
0.000004
0.000004
0.000004
0.000004
0.000004
0.000004
0.000004
0.000004
0.000004
0.000004
0.000004
0.000004
0.000004
0.000004
0.000004
0.000004
0.000004
0.000004
0.000004
0.000004
0.000004
0.000004
0.000004
0.000004
0.000004
0.000004
0.000004
0.000004
0.000004
0.000004
0.000004
0.000004
0.000004
0.000004
0.000004
0.000004
0.000004
0.000004
0.000004
0.000004
0.000004
0.000004
0.000004
0.000004
0.000004
0.000004
0.000004
0.000004
0.000004
0.000004
0.000004
0.000004
0.000004
0.046800
0.153648
0.261072
0.369072
0.477648
0.550286
0.550147
0.549967
0.549600
0.549107
0.548000
0.547405
0.547197
0.546745
0.546117
0.545204
0.544447
0.543099
0.541964
0.540915
0.539735
0.538734
0.537900
0.537334
0.536958
0.536348
0.535238
0.533931
0.532767
0.531992
0.531012
0.530117
0.529279
0.528761
0.527807
0.526938
0.526079
0.524598
0.522707
0.521250
0.520383
0.518651
0.517452
0.516436
0.515472
0.513597
0.512555
0.510626
0.508869
0.507324
0.506176
0.504192
0.503029
0.501414
0.499598
0.498236
0.496875
0.495164
0.494037
0.492024
0.490783
0.489042
0.487412
0.485854
0.484622
0.482879
0.480896
0.479562
0.477551
0.475855
0.474281
0.472344
0.471157
0.469475
0.468214
0.466754
0.465433
0.464090
0.462221
0.460753
0.459336
0.457562
0.455727
0.454497
0.452840
0.451400
0.449903
0.448522
0.447208
0.445696
0.444428
0.442841
0.441455
0.440254
0.438736
0.437277
0.435857
0.434548
0.433204
0.432156
0.431088
0.430015
0.428947
0.427817
0.426822
0.425901
0.424992
0.423982
0.422873
0.422025
0.420945
0.420142
0.419231
0.418413
0.417501
0.416784
0.415982
0.415333
0.414728
0.414036
0.413359
0.412665
0.412044
0.411503
0.411060
0.410507
0.410036
0.409579
0.409175
0.408812
0.408404
0.408065
0.407776
0.407490
0.407214
0.406974
0.406697
0.406479
0.406289
0.406095
0.405934
0.405811
0.405676
0.405567
0.405476
0.405406
0.405345
0.405297
0.405263
0.405235
0.405217
0.405203
0.405195
0.405191
0.405190
0.405189
0.405188
0.405185
0.405180
0.405170
0.405152
0.405123
0.405087
0.405035
0.404973
0.404883
0.404786
0.404668
0.404525
0.404359
0.404169
0.403940
0.403678
0.403378
0.403040
0.402636
0.402174
0.401726
0.401204
0.400605
0.399919
0.399190
0.398437
0.397710
0.396835
0.395966
0.394930
0.393891
0.392563
0.391241
0.389954
0.388364
0.386944
0.385406
0.383673
0.381830
0.379841
0.377656
0.375267
0.372825
0.370317
0.367635
0.364866
0.362099
0.359200
0.355704
0.352348
0.348531
0.345032
0.341285
0.337223
0.332548
0.328352
0.324063
0.319095
0.314322
0.308801
0.302883
0.297540
0.291632
0.285011
0.278626
0.272078
0.265247
0.258373
0.250463
0.242393
0.234222
0.225928
0.218177
0.208964
0.200750
0.190974
0.180682
0.170898
0.161617
0.150658
0.139234
0.127900
0.115932
0.103487
0.091149
0.078784
0.065250
0.052233
0.039286
0.025604
0.012470
-0.001186
-0.016092
-0.031783
-0.047396
-0.064306
-0.079053
-0.096107
-0.113098
-0.129971
-0.148155
-0.164583
-0.183104
-0.202538
-0.222296
-0.239892
-0.261144
-0.279782
-0.300046
-0.305415
-0.305420
-0.305425
-0.305430
-0.305436
-0.305441
-0.305447
-0.305453
-0.305459
-0.305465
-0.305471
-0.305477
-0.305483
-0.305490
-0.305496
-0.305503
-0.305510
-0.305517
-0.305524
-0.305532
-0.305539
-0.305547
-0.305555
-0.305563
-0.305571
-0.305579
-0.305587
-0.305596
-0.305605
-0.305614
-0.305623
-0.305632
-0.305642
-0.305652
-0.305662
-0.305672
-0.305682
-0.305693
-0.305703
-0.305714
-0.305725
-0.305737
-0.305749
-0.305760
-0.305773
-0.305785
-0.305797
-0.305810
-0.305823
-0.305837
-0.305850
-0.305864
-0.305878
-0.305893
-0.305908
-0.305923
-0.305938
-0.305954
-0.305970
-0.305986
-0.306002
-0.306019
-0.306036
-0.306054
-0.306072
-0.306090
-0.306109
-0.306127
-0.306147
-0.306166
-0.306187
-0.306207
-0.306228
-0.306249
-0.306271
-0.306293
-0.306315
-0.306338
-0.306362
-0.306385
-0.306410
-0.306434
-0.306460
-0.306485
-0.306511
-0.306538
-0.306565
-0.306593
-0.306621
-0.306650
-0.306679
-0.306709
-0.306740
-0.306771
-0.306802
-0.306834
-0.306867
-0.306901
-0.306935
-0.306970
-0.307005
-0.307041
-0.307077
-0.307115
-0.307153
-0.307192
-0.307231
-0.307272
-0.307313
-0.307354
-0.307397
-0.307440
-0.307484
-0.307529
-0.307575
-0.307622
-0.307669
-0.307718
-0.307767
-0.307817
-0.307869
-0.307921
-0.307974
-0.308028
-0.308083
-0.308139
-0.308196
-0.308254
-0.308314
-0.308374
-0.308435
-0.308498
-0.308562
-0.308627
-0.308693
-0.308760
-0.308829
-0.308898
-0.308970
-0.309042
-0.309116
-0.309191
-0.309267
-0.309345
-0.309424
-0.309505
-0.309587
-0.309671
-0.309756
-0.309843
-0.309931
-0.310021
-0.310113
-0.310206
-0.310301
-0.310398
-0.310496
-0.310596
-0.310698
-0.310802
-0.310908
-0.311016
-0.311125
-0.311237
-0.311350
-0.311466
-0.311584
-0.311704
-0.311826
-0.311950
-0.312076
-0.312205
-0.312336
-0.312470
-0.312605
-0.312744
-0.312885
-0.313028
-0.313174
-0.313322
-0.313473
-0.313627
-0.313784
-0.313943
-0.314105
-0.314271
-0.314439
-0.314610
-0.314784
-0.314961
-0.315142
-0.315325
-0.315512
-0.315703
-0.315896
-0.316093
-0.316294
-0.316498
-0.316706
-0.316918
-0.317133
-0.317352
-0.317575
-0.317802
-0.318033
-0.318268
-0.318508
-0.318751
-0.318999
-0.319251
-0.319508
-0.319769
-0.320035
-0.320306
-0.320581
-0.320862
-0.321147
-0.321437
-0.321733
-0.322033
-0.322339
-0.322650
-0.322967
-0.323290
-0.323618
-0.323952
-0.324291
-0.324637
-0.324989
-0.325347
-0.325711
-0.326082
-0.326459
-0.326843
-0.327234
-0.327631
-0.328036
-0.328447
-0.328866
-0.329292
-0.329726
-0.330167
-0.330616
-0.331073
-0.331538
-0.332011
-0.332492
-0.332982
-0.333480
-0.333987
-0.334503
-0.335028
-0.335562
-0.336105
-0.336658
-0.337221
-0.337793
-0.338375
-0.338968
-0.339571
-0.340184
-0.340808
-0.341443
-0.342089
-0.342746
-0.343415
-0.344096
-0.344788
-0.345492
-0.346209
-0.346937
-0.347679
-0.348434
-0.349201
-0.349982
-0.350777
-0.351585
-0.352408
-0.353245
-0.354096
-0.354962
-0.355843
-0.356739
-0.357651
-0.358579
-0.359523
-0.360483
-0.361459
-0.362453
-0.363464
-0.364492
-0.365539
-0.366603
-0.367686
-0.368787
-0.369908
-0.371047
-0.372207
-0.373387
-0.374587
-0.375807
-0.377049
-0.378312
-0.379598
-0.380905
-0.382235
-0.383587
-0.384963
-0.386363
-0.387787
-0.389236
-0.390709
-0.392208
-0.393733
-0.395283
-0.396861
-0.398466
-0.400098
-0.401759
-0.403448
-0.405166
-0.406913
-0.408691
-0.410499
-0.412339
-0.414210
-0.416113
-0.418048
-0.420017
-0.422020
-0.424057
-0.426129
-0.428237
-0.430381
-0.432561
-0.434779
-0.437035
-0.439330
-0.441664
-0.444038
-0.446453
-0.448908
-0.451406
-0.453947
-0.456531
-0.459160
-0.461833
-0.464552
-0.467318
-0.470131
-0.472992
-0.475902
-0.478861
-0.481871
-0.484933
-0.488047
-0.491214
-0.494435
-0.497710
-0.501042
-0.504431
-0.507877
-0.511382
-0.514947
-0.518573
-0.522260
-0.526010
-0.529824
-0.533703
-0.537648
-0.541660
-0.545741
-0.549890
-0.554111
-0.558403
-0.562767
-0.567206
-0.571721
-0.576312
-0.580981
-0.585729
-0.590558
-0.595469
-0.600463
-0.605541
-0.610706
-0.615958
-0.621299
-0.626731
-0.632255
-0.637872
-0.643584
-0.649392
-0.655299
-0.661306
-0.667414
-0.673626
-0.679942
-0.686365
-0.692896
-0.699538
-0.706291
-0.713159
-0.720142
-0.727243
-0.734463
-0.741805
-0.749271
-0.756862
-0.764581
-0.772430
-0.780411
-0.788525
-0.796776
-0.805166
-0.813697
-0.822370
-0.831189
-0.840156
-0.849273
-0.858543
-0.867968
-0.877551
-0.887294
-0.897200
-0.907271
-0.917511
-0.927922
-0.938507
-0.949268
-0.960209
-0.971332
-0.982641
-0.994137
-1.005826
-1.017708
-1.029789
-1.042070
-1.054555
-1.067247
-1.080150
-1.093267
-1.106601
-1.120157
-1.133937
-1.147944
-1.162184
-1.176659
-1.191373
-1.206330
-1.221533
-1.236988
-1.252697
-1.268665
-1.284895
-1.301392
-1.318161
-1.335205
-1.352529
-1.370136
-1.388033
-1.406222
-1.424709
-1.443498
-1.462595
-1.482003
-1.501727
-1.521773
-1.542146
-1.562850
-1.583891
-1.605273
-1.627003
-1.649084
-1.671524
-1.694327
-1.717498
-1.741044
-1.764970
-1.789281
-1.813984
-1.839085
-1.864588
-1.890502
-1.916831
-1.943581
-1.970760
-1.998373
-2.026427
-2.054928
-2.083883
-2.113299
-2.143182
-2.173539
-2.204377
-2.235703
-2.267524
-2.299847
-2.332679
-2.366028
-2.399901
-2.434306
-2.469249
-2.504739
-2.540783
-2.577388
-2.614564
-2.652317
-2.690655
-2.729588
-2.769122
-2.809266
-2.850028
-2.891416
-2.933440
-2.976107
-3.019425
-3.041228
-3.049811
-3.064148
-3.085441
-3.098928
-3.118448
-3.146921
-3.169044
-3.197335
-3.225717
-3.260939
-3.294971
-3.330503
-3.371336
-3.413675
-3.456241
-3.501667
-3.550155
-3.600896
-3.654117
-3.709525
-3.766597
-3.824755
-3.885732
-3.948728
-4.013255
-4.079469
-4.147526
-4.217240
-4.288579
-4.361293
-4.435427
-4.510925
