7.697340
0.000000
-0.000000
-0.000000
-0.000000
0.000000
-0.000000
-0.000000
0.000000
-0.000000
-0.000000
-0.000000
0.000000
0.000000
0.000000
0.000000
-0.000000
-0.000000
0.000000
0.000000
-0.000000
-0.000000
0.000000
0.000000
0.000000
0.000000
0.000000
-0.000000
-0.000000
-0.000000
0.000000
0.000000
-0.000000
0.000000
0.000000
0.000000
0.000000
-0.000000
-0.000000
0.000000
-0.000000
0.000000
-0.000000
-0.000000
-0.000000
0.000000
0.000000
-0.000000
-0.000000
0.000000
0.000000
-0.000000
-0.000000
-0.000000
0.000000
-0.000000
0.000000
0.000000
0.000000
0.000000
-0.000000
-0.000000
0.000000
0.000000
-0.000000
-0.000000
0.000000
0.000000
-0.000000
-0.000000
0.000000
-0.000000
-0.000000
-0.000000
0.000000
-0.000000
-0.000000
0.000000
-0.000000
0.000000
-0.000000
0.000000
-0.000000
-0.000000
-0.000000
-0.000000
-0.000000
-0.000000
-0.000000
-0.000000
0.000000
0.000000
-0.000000
-0.000000
0.000000
-0.000000
-0.000000
0.000000
-0.000000
0.000000
-0.000000
0.000000
-0.000000
-0.000000
0.000000
0.000000
0.000000
-0.000000
-0.000000
0.000000
0.000000
-0.000000
0.000000
0.000000
-0.000000
-0.000000
0.000000
-0.000000
-0.000000
0.000000
0.000000
-0.000000
-0.000000
-0.000000
0.000000
-0.000000
0.000000
-0.000000
0.000000
-0.000000
0.000000
-0.000000
-0.000000
0.000000
0.000000
-0.000000
0.000000
-0.000000
0.000000
0.000000
-0.000000
-0.000000
0.000000
0.000000
0.000000
0.000000
-0.000000
-0.000000
0.000000
0.000000
-0.000000
-0.000000
-0.000000
0.000000
-0.000000
0.000000
-0.000000
0.000000
-0.000000
0.000000
0.000000
0.000000
-0.000000
0.000000
-0.000000
0.000000
-0.000000
-0.000000
-0.000000
0.000000
-0.000000
0.000000
0.000000
-0.000000
0.000000
0.000000
-0.000000
0.000000
-0.000000
-0.000000
-0.000000
-0.000000
-0.000000
0.000000
0.000000
0.000000
0.000000
0.000000
0.000000
0.000000
0.000000
-0.000000
-0.000000
0.000000
0.000000
0.000000
0.000000
0.000000
0.000000
0.000000
0.000000
0.000000
0.000000
0.000000
0.000000
0.000000
0.000000
0.000000
0.000000
0.000000
0.000000
0.000000
0.000000
0.000000
0.000000
0.000000
0.000000
0.000000
0.000000
0.000000
0.000000
0.000000
0.000000
0.000000
0.000000
0.000000
0.000000
0.000000
0.000000
0.000000
0.000000
0.000000
0.000000
0.000000
0.000000
0.000000
0.000000
0.000000
0.000000
0.000000
0.000000
0.000000
0.000000
0.000000
0.000000
0.000000
0.000001
0.000001
0.000001
0.000001
0.000001
0.000001
0.000001
0.000001
0.000001
0.000001
0.000001
0.000001
0.000001
0.000001
0.000001
0.000002
0.000002
0.000002
0.000002
0.000002
0.000002
0.000002
0.000002
0.000002
0.000003
0.000003
0.000003
0.000003
0.000003
0.000003
0.000004
0.000004
0.000004
0.000004
0.000004
0.000005
0.000005
0.000005
0.000005
0.000006
0.000006
0.000006
0.000006
0.000007
0.000007
0.000007
0.000008
0.000008
0.000008
0.000009
0.000009
0.000009
0.000010
0.000010
0.000011
0.000011
0.000012
0.000012
0.000013
0.000013
0.000014
0.000014
0.000015
0.000015
0.000016
0.000016
0.000017
0.000018
0.000018
0.000019
0.000020
0.000020
0.000021
0.000022
0.000023
0.000024
0.000024
0.000025
0.000026
0.000027
0.000028
0.000029
0.000030
0.000031
0.000032
0.000033
0.000034
0.000035
0.000036
0.000037
0.000039
0.000040
0.000041
0.000042
0.000044
0.000045
0.000046
0.000048
0.000049
0.000051
0.000052
0.000054
0.000056
0.000057
0.000059
0.000061
0.000062
0.000064
0.000066
0.000068
0.000070
0.000072
0.000074
0.000076
0.000078
0.000080
0.000082
0.000084
0.000087
0.000089
0.000091
0.000094
0.000096
0.000099
0.000101
0.000104
0.000107
0.000109
0.000112
0.000115
0.000118
0.000121
0.000124
0.000127
0.000130
0.000133
0.000137
0.000140
0.000144
0.000147
0.000151
0.000154
0.000158
0.000162
0.000165
0.000169
0.000173
0.000177
0.000181
0.000185
0.000190
0.000194
0.000198
0.000203
0.000207
0.000212
0.000217
0.000222
0.000226
0.000231
0.000236
0.000242
0.000247
0.000252
0.000257
0.000263
0.000268
0.000274
0.000280
0.000285
0.000291
0.000297
0.000303
0.000310
0.000316
0.000322
0.000328
0.000335
0.000341
0.000348
0.000355
0.000362
0.000369
0.000376
0.000383
0.000390
0.000398
0.000405
0.000412
0.000420
0.000428
0.000436
0.000443
0.000451
0.000459
0.000468
0.000476
0.000484
0.000493
0.000501
0.000510
0.000519
0.000527
0.000536
0.000546
0.000557
0.000567
0.000578
0.000589
0.000600
0.000611
0.000622
0.000634
0.000645
0.000657
0.000669
0.000682
0.000694
0.000707
0.000720
0.000732
0.000746
0.000759
0.000773
0.000786
0.000800
0.000815
0.000829
0.000844
0.000859
0.000874
0.000889
0.000904
0.000920
0.000936
0.000952
0.000969
0.000985
0.001002
0.001019
0.001036
0.001054
0.001072
0.001090
0.001108
0.001127
0.001146
0.001165
0.001184
0.001204
0.001224
0.001244
0.001264
0.001285
0.001306
0.001327
0.001349
0.001371
0.001393
0.001415
0.001438
0.001461
0.001484
0.001508
0.001532
0.001556
0.001581
0.001606
0.001631
0.001657
0.001683
0.001709
0.001735
0.001762
0.001790
0.001817
0.001845
0.001874
0.001903
0.001932
0.001961
0.001991
0.002021
0.002052
0.002083
0.002114
0.002146
0.002178
0.002211
0.002244
0.002277
0.002311
0.002345
0.002380
0.002415
0.002451
0.002487
0.002523
0.002560
0.002597
0.002635
0.002674
0.002712
0.002751
0.002791
0.002831
0.002872
0.002913
0.002954
0.002996
0.003039
0.003082
0.003126
0.003170
0.003214
0.003260
0.003305
0.003351
0.003398
0.003446
0.003493
0.003542
0.003591
0.003640
0.003690
0.003741
0.003792
0.003844
0.003897
0.003950
0.004003
0.004058
0.004113
0.004168
0.004224
0.004281
0.004338
0.004396
0.004455
0.004514
0.004575
0.004635
0.004697
0.004759
0.004821
0.004885
0.004949
0.005014
0.005079
0.005146
0.005212
0.005280
0.005349
0.005418
0.005488
0.005558
0.005630
0.005702
0.005775
0.005849
0.005923
0.005999
0.006075
0.006152
0.006230
0.006308
0.006388
0.006468
0.006549
0.006631
0.006714
0.006797
0.006882
0.006967
0.007053
0.007140
0.007228
0.007317
0.007407
0.007498
0.007590
0.007683
0.007776
0.007871
0.007966
0.008063
0.008160
0.008259
0.008358
0.008459
0.008560
0.008663
0.008766
0.008871
0.008976
0.009083
0.009190
0.009299
0.009409
0.009520
0.009632
0.009745
0.009859
0.009975
0.010091
0.010209
0.010328
0.010448
0.010569
0.010692
0.010815
0.010940
0.011066
0.011194
0.011322
0.011452
0.011583
0.011716
0.011849
0.011984
0.012121
0.012258
0.012397
0.012537
0.012679
0.012822
0.012966
0.013112
0.013258
0.013407
0.013557
0.013708
0.013860
0.014014
0.014170
0.014326
0.014485
0.014644
0.014806
0.014969
0.015133
0.015299
0.015466
0.015635
0.015805
0.015978
0.016151
0.016327
0.016504
0.016682
0.016862
0.017044
0.017228
0.017413
0.017600
0.017789
0.017979
0.018172
0.018366
0.018561
0.018759
0.018958
0.019159
0.019362
0.019567
0.019774
0.019982
0.020193
0.020405
0.020619
0.020836
0.021054
0.021274
0.021496
0.021720
0.021947
0.022175
0.022405
0.022637
0.022871
0.023108
0.023346
0.023587
0.023829
0.024074
0.024321
0.024570
0.024821
0.025075
0.025330
0.025588
0.025849
0.026111
0.026376
0.026644
0.026913
0.027185
0.027459
0.027736
0.028015
0.028297
0.028581
0.028867
0.029157
0.029448
0.029742
0.030039
0.030338
0.030640
0.030944
0.031251
0.031561
0.031874
0.032189
0.032506
0.032827
0.033150
0.033476
0.033805
0.034136
0.034471
0.034808
0.035148
0.035492
0.035838
0.036187
0.036539
0.036894
0.037252
0.037613
0.037977
0.038344
0.038715
0.039088
0.039465
0.039844
0.040227
0.040613
0.041003
0.041396
0.041792
0.042191
0.042594
0.043000
0.043410
0.043823
0.044239
0.044659
0.045083
0.045510
0.045940
0.046374
0.046812
0.047253
0.047698
0.048146
0.048599
0.049055
0.049515
0.049979
0.050447
0.050918
0.051394
0.051874
0.052358
0.052846
0.053338
0.053835
0.054336
0.054841
0.055350
0.055864
0.056383
0.056906
0.057433
0.057965
0.058501
0.059043
0.059588
0.060139
0.060695
0.061255
0.061820
0.062390
0.062965
0.063546
0.064131
0.064721
0.065317
0.065917
0.066523
0.067134
0.067751
0.068373
0.069000
0.069632
0.070271
0.070914
0.071563
0.072218
0.072879
0.073545
0.074217
0.074895
0.075579
0.076269
0.076965
0.077667
0.078374
0.079089
0.079809
0.080536
0.081269
0.082008
0.082754
0.083506
0.084265
0.085030
0.085802
0.086580
0.087365
0.088157
0.088956
0.089761
0.090574
0.091393
0.092219
0.093052
0.093892
0.094739
0.095594
0.096455
0.097324
0.098200
0.099084
0.099975
0.100874
0.101781
0.102695
0.103617
0.104546
0.105484
0.106430
0.107383
0.108344
0.109314
0.110291
0.111277
0.112272
0.113274
0.114285
0.115304
0.116332
0.117369
0.118414
0.119468
0.120531
0.121602
0.122682
0.123771
0.124869
0.125977
0.127093
0.128218
0.129353
0.130497
0.131650
0.132812
0.133984
0.135165
0.136355
0.137556
0.138766
0.139985
0.141215
0.142454
0.143703
0.144962
0.146231
0.147510
0.148799
0.150098
0.151407
0.152727
0.154056
0.155396
0.156747
0.158107
0.159479
0.160860
0.162252
0.163655
0.165068
0.166491
0.167925
0.169369
0.170824
0.172290
0.173766
0.175253
0.176750
0.178258
0.179776
0.181305
0.182844
0.184394
0.185954
0.187524
0.189105
0.190696
0.192298
0.193911
0.195533
0.197167
0.198810
0.200464
0.202129
0.203803
0.205488
0.207183
0.208888
0.211295
0.214173
0.216932
0.219527
0.222438
0.225216
0.227752
0.230568
0.233233
0.235959
0.238501
0.241148
0.243803
0.246321
0.248842
0.251416
0.253940
0.256402
0.258833
0.261220
0.263573
0.265915
0.268268
0.270556
0.272809
0.275051
0.277271
0.279462
0.281629
0.283774
0.285907
0.288026
0.290133
