0.007204
0.000000
-0.000000
0.000000
0.000000
0.000000
-0.000000
-0.000000
-0.000000
-0.000000
0.000000
0.000000
-0.000000
-0.000000
0.000000
-0.000000
-0.000000
0.000000
0.000000
0.000000
0.000000
-0.000000
-0.000000
-0.000000
0.000000
0.000000
0.000000
-0.000000
-0.000000
0.000000
-0.000000
0.000000
-0.000000
-0.000000
0.000000
-0.000000
-0.000000
0.000000
0.000000
-0.000000
-0.000000
-0.000000
-0.000000
0.000000
0.000000
-0.000000
-0.000000
0.000000
0.000000
0.000000
-0.000000
0.000000
0.000000
0.000000
0.000000
-0.000000
-0.000000
-0.000000
-0.000000
0.000000
-0.000000
-0.000000
0.000000
0.000000
0.000000
-0.000000
0.000000
-0.000000
-0.000000
0.000000
-0.000000
0.000000
0.000000
-0.000000
0.000000
-0.000000
-0.000000
-0.000000
-0.000000
0.000000
-0.000000
0.000000
0.000000
0.000000
0.000000
-0.000000
-0.000000
-0.000000
0.000000
0.000000
-0.000000
0.000000
-0.000000
0.000000
0.000000
0.000000
0.000000
-0.000000
0.000000
0.000000
0.000000
-0.000000
0.000000
0.000000
0.000000
0.000000
-0.000000
0.000000
0.000000
0.000000
-0.000000
0.000000
-0.000000
-0.000000
-0.000000
-0.000000
-0.000000
-0.000000
0.000000
0.000000
0.000000
0.000000
0.000000
-0.000000
-0.000000
0.000000
-0.000000
-0.000000
0.000000
0.000000
-0.000000
0.000000
0.000000
0.000000
-0.000000
-0.000000
-0.000000
-0.000000
-0.000000
0.000000
-0.000000
-0.000000
0.000000
-0.000000
0.000000
0.000000
0.000000
0.000000
0.000000
-0.000000
0.000000
-0.000000
0.000000
-0.000000
-0.000000
-0.000000
0.000000
0.000000
0.000000
0.000000
-0.000000
0.000000
-0.000000
-0.000000
-0.000000
0.000000
0.000000
-0.000000
-0.000000
0.000000
-0.000000
0.000000
-0.000000
-0.000000
-0.000000
0.000000
0.000000
0.000000
-0.000000
-0.000000
-0.000000
-0.000000
-0.000000
-0.000000
-0.000000
-0.000000
-0.000000
-0.000000
-0.000000
-0.000000
-0.000008
-0.000016
-0.000024
-0.000032
-0.000041
-0.000049
-0.000058
-0.000066
-0.000075
-0.000083
-0.000092
-0.000101
-0.000110
-0.000119
-0.000128
-0.000137
-0.000146
-0.000155
-0.000164
-0.000174
-0.000183
-0.000193
-0.000203
-0.000212
-0.000222
-0.000232
-0.000242
-0.000252
-0.000263
-0.000273
-0.000283
-0.000294
-0.000304
-0.000315
-0.000326
-0.000336
-0.000347
-0.000358
-0.000369
-0.000381
-0.000392
-0.000403
-0.000415
-0.000427
-0.000438
-0.000450
-0.000462
-0.000474
-0.000486
-0.000498
-0.000511
-0.000523
-0.000536
-0.000548
-0.000561
-0.000574
-0.000587
-0.000600
-0.000613
-0.000626
-0.000640
-0.000653
-0.000667
-0.000681
-0.000695
-0.000709
-0.000723
-0.000737
-0.000752
-0.000766
-0.000781
-0.000796
-0.000810
-0.000825
-0.000841
-0.000856
-0.000871
-0.000887
-0.000903
-0.000918
-0.000934
-0.000950
-0.000967
-0.000983
-0.001000
-0.001016
-0.001033
-0.001050
-0.001067
-0.001084
-0.001102
-0.001119
-0.001137
-0.001155
-0.001173
-0.001191
-0.001209
-0.001228
-0.001246
-0.001265
-0.001284
-0.001303
-0.001323
-0.001342
-0.001362
-0.001381
-0.001401
-0.001422
-0.001442
-0.001462
-0.001483
-0.001504
-0.001525
-0.001546
-0.001568
-0.001589
-0.001611
-0.001633
-0.001655
-0.001677
-0.001700
-0.001723
-0.001745
-0.001769
-0.001792
-0.001815
-0.001839
-0.001863
-0.001887
-0.001912
-0.001936
-0.001961
-0.001986
-0.002011
-0.002037
-0.002062
-0.002088
-0.002114
-0.002140
-0.002167
-0.002194
-0.002221
-0.002248
-0.002276
-0.002303
-0.002331
-0.002359
-0.002388
-0.002417
-0.002446
-0.002475
-0.002504
-0.002534
-0.002564
-0.002594
-0.002625
-0.002655
-0.002686
-0.002718
-0.002749
-0.002781
-0.002813
-0.002846
-0.002878
-0.002911
-0.002945
-0.002978
-0.003012
-0.003046
-0.003080
-0.003115
-0.003150
-0.003185
-0.003221
-0.003257
-0.003293
-0.003330
-0.003367
-0.003404
-0.003441
-0.003479
-0.003517
-0.003556
-0.003595
-0.003634
-0.003673
-0.003713
-0.003754
-0.003794
-0.003835
-0.003876
-0.003918
-0.003960
-0.004002
-0.004045
-0.004088
-0.004131
-0.004175
-0.004219
-0.004264
-0.004308
-0.004354
-0.004399
-0.004445
-0.004492
-0.004539
-0.004586
-0.004634
-0.004682
-0.004730
-0.004779
-0.004828
-0.004878
-0.004928
-0.004978
-0.005029
-0.005081
-0.005132
-0.005185
-0.005237
-0.005290
-0.005344
-0.005398
-0.005452
-0.005507
-0.005562
-0.005618
-0.005674
-0.005731
-0.005788
-0.005846
-0.005904
-0.005962
-0.006021
-0.006081
-0.006140
-0.006201
-0.006262
-0.006323
-0.006385
-0.006447
-0.006510
-0.006573
-0.006637
-0.006701
-0.006766
-0.006831
-0.006897
-0.006963
-0.007030
-0.007098
-0.007165
-0.007234
-0.007303
-0.007372
-0.007442
-0.007512
-0.007583
-0.007655
-0.007727
-0.007799
-0.007872
-0.007946
-0.008020
-0.008095
-0.008171
-0.008247
-0.008324
-0.008401
-0.008479
-0.008558
-0.008638
-0.008718
-0.008798
-0.008880
-0.008962
-0.009045
-0.009128
-0.009213
-0.009298
-0.009383
-0.009470
-0.009557
-0.009645
-0.009733
-0.009822
-0.009913
-0.010003
-0.010095
-0.010187
-0.010280
-0.010374
-0.010469
-0.010564
-0.010661
-0.010758
-0.010856
-0.010954
-0.011054
-0.011154
-0.011256
-0.011358
-0.011461
-0.011564
-0.011669
-0.011775
-0.011881
-0.011988
-0.012097
-0.012206
-0.012316
-0.012427
-0.012539
-0.012652
-0.012765
-0.012880
-0.012996
-0.013112
-0.013230
-0.013349
-0.013468
-0.013589
-0.013711
-0.013833
-0.013957
-0.014082
-0.014208
-0.014334
-0.014462
-0.014591
-0.014721
-0.014853
-0.014985
-0.015118
-0.015253
-0.015388
-0.015525
-0.015663
-0.015802
-0.015942
-0.016084
-0.016226
-0.016370
-0.016515
-0.016661
-0.016809
-0.016957
-0.017107
-0.017258
-0.017411
-0.017565
-0.017720
-0.017876
-0.018033
-0.018192
-0.018353
-0.018514
-0.018677
-0.018842
-0.019007
-0.019174
-0.019343
-0.019513
-0.019684
-0.019857
-0.020031
-0.020207
-0.020384
-0.020563
-0.020743
-0.020925
-0.021108
-0.021293
-0.021479
-0.021667
-0.021856
-0.022047
-0.022240
-0.022434
-0.022630
-0.022827
-0.023026
-0.023227
-0.023430
-0.023634
-0.023840
-0.024048
-0.024257
-0.024468
-0.024681
-0.024896
-0.025112
-0.025331
-0.025551
-0.025773
-0.025997
-0.026223
-0.026450
-0.026680
-0.026911
-0.027145
-0.027380
-0.027618
-0.027857
-0.028098
-0.028342
-0.028587
-0.028835
-0.029084
-0.029336
-0.029590
-0.029846
-0.030104
-0.030364
-0.030626
-0.030891
-0.031158
-0.031427
-0.031698
-0.031972
-0.032248
-0.032526
-0.032807
-0.033090
-0.033375
-0.033663
-0.033953
-0.034245
-0.034540
-0.034838
-0.035138
-0.035440
-0.035745
-0.036053
-0.036363
-0.036676
-0.036992
-0.037310
-0.037630
-0.037954
-0.038280
-0.038609
-0.038940
-0.039275
-0.039612
-0.039952
-0.040295
-0.040641
-0.040990
-0.041341
-0.041696
-0.042054
-0.042414
-0.042778
-0.043144
-0.043514
-0.043887
-0.044263
-0.044642
-0.045024
-0.045410
-0.045799
-0.046191
-0.046586
-0.046985
-0.047387
-0.047792
-0.048201
-0.048613
-0.049029
-0.049448
-0.049871
-0.050297
-0.050727
-0.051160
-0.051597
-0.052038
-0.052482
-0.052931
-0.053383
-0.053838
-0.054298
-0.054761
-0.055229
-0.055700
-0.056175
-0.056654
-0.057138
-0.057625
-0.058116
-0.058612
-0.059112
-0.059615
-0.060124
-0.060636
-0.061153
-0.061674
-0.062199
-0.062729
-0.063263
-0.063802
-0.064345
-0.064893
-0.065446
-0.066003
-0.066564
-0.067131
-0.067702
-0.068278
-0.068859
-0.069445
-0.070036
-0.070631
-0.071232
-0.071838
-0.072449
-0.073065
-0.073686
-0.074312
-0.074944
-0.075581
-0.076223
-0.076871
-0.077524
-0.078183
-0.078847
-0.079516
-0.080192
-0.080873
-0.081560
-0.082252
-0.082951
-0.083655
-0.084365
-0.085081
-0.085803
-0.086532
-0.087266
-0.088007
-0.088754
-0.089507
-0.090266
-0.091032
-0.091804
-0.092583
-0.093368
-0.094160
-0.094958
-0.095764
-0.096576
-0.097395
-0.098220
-0.099053
-0.099893
-0.100739
-0.101593
-0.102454
-0.103323
-0.104198
-0.105081
-0.105972
-0.106870
-0.107775
-0.108688
-0.109609
-0.110537
-0.111474
-0.112418
-0.113370
-0.114330
-0.115299
-0.116275
-0.117260
-0.118253
-0.119254
-0.120264
-0.121282
-0.122309
-0.123344
-0.124388
-0.125441
-0.126503
-0.127574
-0.128654
-0.129743
-0.130841
-0.131948
-0.133065
-0.134191
-0.135326
-0.136471
-0.137626
-0.138791
-0.139965
-0.141149
-0.142343
-0.143548
-0.144762
-0.145987
-0.147222
-0.148467
-0.149723
-0.150990
-0.152267
-0.153555
-0.154854
-0.156164
-0.157484
-0.158816
-0.160160
-0.161514
-0.162880
-0.164258
-0.165647
-0.167048
-0.168461
-0.169885
-0.171322
-0.172771
-0.174232
-0.175705
-0.177191
-0.178689
-0.180200
-0.181724
-0.183260
-0.184810
-0.186372
-0.187948
-0.189537
-0.191140
-0.192756
-0.194385
-0.196028
-0.197685
-0.199356
-0.201042
-0.202741
-0.204455
-0.206183
-0.207925
-0.209683
-0.211455
-0.213242
-0.215044
-0.216862
-0.218694
-0.220543
-0.222406
-0.224286
-0.226181
-0.228093
-0.230020
-0.231964
-0.233924
-0.235900
-0.237893
-0.239903
-0.241930
-0.243975
-0.246036
-0.248115
-0.250211
-0.252325
-0.254456
-0.256606
-0.258774
-0.260960
-0.263165
-0.265388
-0.267630
-0.269891
-0.272171
-0.274470
-0.276789
-0.279127
-0.281485
-0.283863
-0.286261
-0.288679
-0.291118
-0.293577
-0.296057
-0.298558
-0.301080
-0.303623
-0.306188
-0.308774
-0.311382
-0.314012
-0.316665
-0.319339
-0.322037
-0.324757
-0.327500
-0.330266
-0.333056
-0.335869
-0.338706
-0.341567
-0.344452
-0.347362
-0.350296
-0.353255
-0.356239
-0.359248
-0.362283
-0.365343
-0.368429
-0.371542
-0.374680
-0.377845
-0.381037
-0.384256
-0.387503
-0.390776
-0.394078
-0.397407
-0.400764
-0.404150
-0.407565
-0.411008
-0.414481
-0.417983
-0.421515
-0.425076
-0.428668
-0.432290
-0.435943
-0.439627
-0.443342
-0.447089
-0.450867
-0.454677
-0.458520
-0.462395
-0.466303
-0.470244
-0.474219
-0.478227
-0.482269
-0.486346
-0.490457
-0.494603
-0.498784
-0.503001
-0.507253
-0.511542
-0.515867
-0.520228
-0.524627
-0.529063
-0.533537
-0.538049
-0.542599
-0.547187
-0.551815
-0.556482
-0.561188
-0.565935
-0.570722
-0.575549
-0.580418
-0.585327
-0.590279
-0.595272
-0.600308
-0.605386
-0.610508
-0.615673
-0.620882
-0.626135
-0.631433
-0.636776
-0.642164
-0.647598
-0.653078
-0.658605
-0.664187
-0.669833
-0.675539
-0.681305
-0.687136
-0.693028
-0.698981
-0.704998
-0.711077
-0.717219
-0.723424
-0.729691
-0.736023
-0.742417
-0.748874
-0.755395
-0.761980
-0.768629
-0.775342
-0.782118
-0.788957
-0.795860
-0.802828
-0.809860
-0.816955
-0.824115
-0.831340
-0.838630
-0.845984
-0.853403
-0.860888
-0.868438
