-0.876055
0.000000
-0.000000
-0.000000
-0.000000
-0.000000
0.000000
0.000000
-0.000000
0.000000
0.000000
0.000000
-0.000000
-0.000000
-0.000000
-0.000000
0.000000
0.000000
-0.000000
0.000000
0.000000
0.000000
-0.000000
-0.000000
0.000000
-0.000000
0.000000
0.000000
0.000000
0.000000
0.000000
0.000000
-0.000000
-0.000000
-0.000000
-0.000000
-0.000000
0.000000
0.000000
-0.000000
0.000000
-0.000000
0.000000
0.000000
0.000000
0.000000
-0.000000
0.000000
-0.000000
0.000000
-0.000000
-0.000000
-0.000000
-0.000000
-0.000000
-0.000000
0.000000
-0.000000
0.000000
0.000000
0.000000
-0.000000
-0.000000
-0.000000
0.000000
0.000000
-0.000000
-0.000000
-0.000000
0.000000
0.000000
0.000000
0.000000
0.000000
-0.000000
0.000000
0.000000
-0.000000
-0.000000
-0.000000
-0.000000
0.000000
0.000000
0.000000
0.000000
-0.000000
-0.000000
-0.000000
0.000000
-0.000000
-0.000000
-0.000000
-0.000000
-0.000000
-0.000000
-0.000000
-0.000000
-0.000000
0.000000
-0.000000
0.000000
-0.000000
0.000000
0.000000
-0.000000
0.000000
-0.000000
0.000000
-0.000000
-0.000000
-0.000000
0.000000
-0.000000
-0.000000
-0.000000
0.000000
-0.000000
0.000000
0.000000
-0.000000
0.000000
0.000000
0.000000
0.000000
-0.000000
-0.000000
-0.000000
-0.000000
-0.000000
0.000000
0.000000
0.000000
0.000000
-0.000000
-0.000000
0.000000
0.000000
0.000000
-0.000000
-0.000000
0.000000
-0.000000
-0.000000
0.000000
-0.000000
0.000000
0.000000
0.000000
-0.000000
-0.000000
0.000000
0.000000
0.000000
-0.000000
0.000000
-0.000000
0.000000
0.000000
0.000000
-0.000000
-0.000000
0.000000
0.000000
0.000000
-0.000000
0.000000
-0.000000
0.000000
0.000000
0.000000
0.000000
-0.000000
0.000000
-0.000000
-0.000000
0.000000
0.000000
-0.000000
0.000000
0.000000
0.000000
-0.000000
0.000000
-0.000000
-0.000000
-0.000000
-0.000000
-0.000000
-0.000000
-0.000000
-0.000000
-0.000000
0.000000
0.000000
0.000000
0.000000
0.000000
-0.000000
0.000000
-0.000000
-0.000000
-0.000000
-0.000000
-0.000000
-0.000000
-0.000000
-0.000000
-0.000000
-0.000000
-0.000000
-0.000000
-0.000000
-0.000000
-0.000000
-0.000000
-0.000000
-0.000000
-0.000000
-0.000000
0.000000
0.000000
0.000000
0.000000
0.000000
0.000000
0.000000
0.000000
0.000000
0.000000
0.000000
0.000000
0.000000
0.000000
0.000000
0.000000
0.000000
0.000000
0.000000
0.000000
0.000000
0.000000
0.000000
0.000000
0.000000
0.000000
0.000000
0.000000
0.000000
0.000000
0.000000
0.000000
0.000000
0.000000
0.000000
0.000000
0.000000
0.000000
0.000000
0.000000
0.000000
0.000000
0.000000
0.000000
0.000000
0.000000
0.000000
0.000000
0.000000
0.000000
0.000000
0.000000
0.000001
0.000001
0.000001
0.000001
0.000001
0.000001
0.000001
0.000001
0.000001
0.000001
0.000001
0.000001
0.000001
0.000001
0.000001
0.000001
0.000001
0.000001
0.000001
0.000001
0.000001
0.000001
0.000001
0.000001
0.000002
0.000002
0.000002
0.000002
0.000002
0.000002
0.000002
0.000002
0.000002
0.000002
0.000002
0.000002
0.000002
0.000003
0.000003
0.000003
0.000003
0.000003
0.000003
0.000003
0.000003
0.000003
0.000004
0.000004
0.000004
0.000004
0.000004
0.000004
0.000004
0.000005
0.000005
0.000005
0.000005
0.000005
0.000005
0.000006
0.000006
0.000006
0.000006
0.000006
0.000006
0.000007
0.000007
0.000007
0.000007
0.000008
0.000008
0.000008
0.000008
0.000008
0.000009
0.000009
0.000009
0.000009
0.000010
0.000010
0.000010
0.000010
0.000011
0.000011
0.000011
0.000011
0.000012
0.000012
0.000012
0.000013
0.000013
0.000013
0.000014
0.000014
0.000015
0.000015
0.000015
0.000016
0.000016
0.000016
0.000017
0.000017
0.000018
0.000018
0.000019
0.000019
0.000020
0.000020
0.000021
0.000021
0.000022
0.000022
0.000023
0.000023
0.000024
0.000024
0.000025
0.000025
0.000026
0.000027
0.000027
0.000028
0.000028
0.000029
0.000030
0.000030
0.000031
0.000032
0.000033
0.000033
0.000034
0.000035
0.000036
0.000036
0.000037
0.000038
0.000039
0.000040
0.000041
0.000042
0.000042
0.000043
0.000044
0.000045
0.000046
0.000047
0.000048
0.000049
0.000050
0.000051
0.000052
0.000053
0.000054
0.000055
0.000056
0.000057
0.000058
0.000059
0.000061
0.000062
0.000063
0.000064
0.000066
0.000067
0.000068
0.000069
0.000071
0.000072
0.000073
0.000075
0.000076
0.000078
0.000079
0.000081
0.000082
0.000084
0.000085
0.000087
0.000088
0.000090
0.000092
0.000093
0.000095
0.000097
0.000098
0.000100
0.000102
0.000104
0.000105
0.000107
0.000109
0.000111
0.000113
0.000115
0.000117
0.000119
0.000121
0.000124
0.000126
0.000128
0.000130
0.000133
0.000135
0.000137
0.000139
0.000142
0.000144
0.000147
0.000149
0.000152
0.000154
0.000157
0.000159
0.000162
0.000164
0.000167
0.000170
0.000172
0.000175
0.000178
0.000181
0.000184
0.000187
0.000190
0.000192
0.000195
0.000198
0.000201
0.000205
0.000208
0.000211
0.000214
0.000217
0.000221
0.000224
0.000227
0.000231
0.000234
0.000238
0.000242
0.000245
0.000249
0.000253
0.000256
0.000260
0.000264
0.000268
0.000272
0.000276
0.000280
0.000284
0.000288
0.000292
0.000297
0.000301
0.000305
0.000309
0.000314
0.000318
0.000323
0.000328
0.000332
0.000337
0.000342
0.000347
0.000352
0.000357
0.000362
0.000368
0.000373
0.000378
0.000383
0.000389
0.000394
0.000399
0.000404
0.000410
0.000415
0.000421
0.000426
0.000432
0.000438
0.000444
0.000450
0.000456
0.000462
0.000468
0.000474
0.000480
0.000486
0.000493
0.000499
0.000505
0.000512
0.000519
0.000525
0.000532
0.000539
0.000546
0.000553
0.000560
0.000567
0.000574
0.000581
0.000589
0.000596
0.000604
0.000611
0.000619
0.000626
0.000634
0.000642
0.000650
0.000658
0.000666
0.000674
0.000682
0.000690
0.000699
0.000707
0.000716
0.000724
0.000733
0.000741
0.000750
0.000759
0.000767
0.000776
0.000786
0.000795
0.000804
0.000814
0.000823
0.000833
0.000842
0.000851
0.000861
0.000870
0.000880
0.000890
0.000900
0.000910
0.000920
0.000930
0.000940
0.000950
0.000960
0.000970
0.000981
0.000992
0.001003
0.001014
0.001025
0.001036
0.001047
0.001058
0.001070
0.001081
0.001093
0.001104
0.001115
0.001127
0.001138
0.001150
0.001161
0.001173
0.001184
0.001196
0.001208
0.001220
0.001232
0.001245
0.001258
0.001271
0.001284
0.001298
0.001311
0.001325
0.001338
0.001352
0.001366
0.001381
0.001395
0.001410
0.001425
0.001439
0.001454
0.001469
0.001484
0.001499
0.001514
0.001530
0.001545
0.001560
0.001575
0.001590
0.001605
0.001621
0.001636
0.001652
0.001668
0.001683
0.001699
0.001715
0.001730
0.001746
0.001762
0.001778
0.001793
0.001809
0.001826
0.001842
0.001859
0.001876
0.001894
0.001911
0.001929
0.001947
0.001965
0.001983
0.002001
0.002020
0.002039
0.002058
0.002077
0.002097
0.002116
0.002135
0.002154
0.002174
0.002194
0.002214
0.002233
0.002253
0.002273
0.002293
0.002314
0.002334
0.002355
0.002377
0.002398
0.002420
0.002442
0.002464
0.002487
0.002510
0.002533
0.002555
0.002578
0.002601
0.002623
0.002645
0.002667
0.002689
0.002710
0.002732
0.002754
0.002777
0.002800
0.002823
0.002847
0.002871
0.002896
0.002921
0.002946
0.002972
0.002997
0.003023
0.003048
0.003073
0.003099
0.003125
0.003151
0.003178
0.003205
0.003232
0.003260
0.003287
0.003314
0.003342
0.003370
0.003397
0.003426
0.003454
0.003483
0.003511
0.003540
0.003568
0.003596
0.003625
0.003655
0.003684
0.003713
0.003744
0.003775
0.003806
0.003837
0.003869
0.003901
0.003933
0.003966
0.003998
0.004030
0.004061
0.004092
0.004124
0.004156
0.004187
0.004220
0.004254
0.004287
0.004322
0.004356
0.004391
0.004426
0.004461
0.004496
0.004532
0.004568
0.004604
0.004640
0.004676
0.004712
0.004747
0.004782
0.004817
0.004852
0.004888
0.004924
0.004962
0.004999
0.005037
0.005076
0.005117
0.005158
0.005198
0.005239
0.005282
0.005325
0.005368
0.005413
0.005458
0.005503
0.005550
0.005597
0.005645
0.005692
0.005739
0.005786
0.005835
0.005885
0.005935
0.005986
0.006036
0.006088
0.006141
0.006195
0.006250
0.006306
0.006364
0.006421
0.006477
0.006534
0.006590
0.006647
0.006706
0.006765
0.006823
0.006882
0.006942
0.007002
0.007064
0.007127
0.007192
0.007256
0.007320
0.007385
0.007451
0.007517
0.007584
0.007651
0.007720
0.007791
0.007864
0.007938
0.008012
0.008085
0.008160
0.008236
0.008312
0.008391
0.008469
0.008547
0.008624
0.008701
0.008782
0.008862
0.008942
0.009023
0.009104
0.009186
0.009270
0.009353
0.009437
0.009521
0.009608
0.009696
0.009788
0.009879
0.009972
0.010065
0.010162
0.010262
0.010362
0.010463
0.010564
0.010665
0.010768
0.010873
0.010977
0.011082
0.011191
0.011303
0.011417
0.011531
0.011646
0.011764
0.011884
0.012005
0.012127
0.012251
0.012374
0.012500
0.012625
0.012756
0.012889
0.013021
0.013156
0.013291
0.013430
0.013570
0.013710
0.013853
0.013996
0.014143
0.014293
0.014446
0.014603
0.014760
0.014920
0.015082
0.015245
0.015413
0.015584
0.015756
0.015929
0.016105
0.016284
0.016463
0.016646
0.016834
0.017028
0.017222
0.017418
0.017613
0.017813
0.018014
0.018218
0.018427
0.018635
0.018848
0.019066
0.019284
0.019505
0.019729
0.019956
0.020185
0.020418
0.020651
0.020886
0.021123
0.021363
0.021611
0.021864
0.022122
0.022384
0.022650
0.022918
0.023192
0.023468
0.023747
0.024030
0.024320
0.024616
0.024917
0.025218
0.025521
0.025825
0.026132
0.026445
0.026760
0.027082
0.027411
0.027748
0.028086
0.028431
0.028779
0.029133
0.029494
0.029859
0.030225
0.030595
0.030972
0.031351
0.031736
0.032124
0.032519
0.032921
0.033325
0.033731
0.034140
0.034556
0.034981
0.035409
0.035838
0.036271
0.036711
0.037159
0.037609
