0.038061
0.000000
-0.000000
0.000000
-0.000000
0.000000
-0.000000
0.000000
0.000000
-0.000000
-0.000000
0.000000
-0.000000
0.000000
0.000000
0.000000
0.000000
-0.000000
-0.000000
-0.000000
-0.000000
-0.000000
0.000000
0.000000
0.000000
0.000000
0.000000
0.000000
-0.000000
-0.000000
-0.000000
0.000000
-0.000000
-0.000000
0.000000
0.000000
-0.000000
0.000000
-0.000000
-0.000000
-0.000000
0.000000
0.000000
-0.000000
0.000000
-0.000000
-0.000000
-0.000000
0.000000
-0.000000
-0.000000
0.000000
0.000000
0.000000
0.000000
-0.000000
0.000000
0.000000
0.000000
-0.000000
-0.000000
0.000000
0.000000
0.000000
0.000000
0.000000
0.000000
-0.000000
-0.000000
0.000000
0.000000
0.000000
0.000000
-0.000000
-0.000000
-0.000000
-0.000000
0.000000
0.000000
0.000000
-0.000000
0.000000
-0.000000
-0.000000
-0.000000
-0.000000
-0.000000
-0.000000
-0.000000
-0.000000
0.000000
-0.000000
0.000000
0.000000
-0.000000
0.000000
-0.000000
0.000000
-0.000000
-0.000000
-0.000000
0.000000
-0.000000
0.000000
0.000000
-0.000000
-0.000000
0.000000
0.000000
0.000000
-0.000000
-0.000000
0.000000
-0.000000
-0.000000
-0.000000
-0.000000
0.000000
0.000000
0.000000
-0.000000
-0.000000
0.000000
0.000000
0.000000
0.000000
0.000000
-0.000000
0.000000
-0.000000
0.000000
-0.000000
0.000000
0.000000
-0.000000
0.000000
-0.000000
0.000000
0.000000
0.000000
-0.000000
0.000000
0.000000
-0.000000
-0.000000
0.000000
-0.000000
0.000000
0.000000
-0.000000
-0.000000
-0.000000
0.000000
0.000000
-0.000000
0.000000
-0.000000
0.000000
-0.000000
0.000000
-0.000000
-0.000000
-0.000000
0.000000
-0.000000
-0.000000
-0.000000
0.000000
0.000000
0.000000
-0.000000
0.000000
-0.000000
-0.000000
-0.000000
-0.000000
-0.000000
0.000000
0.000000
0.000000
0.000000
0.000000
0.000000
0.000000
0.000000
0.000000
0.000000
0.000000
0.000000
0.000000
0.000000
0.000000
0.000000
-0.000008
-0.000022
-0.000036
-0.000053
-0.000070
-0.000088
-0.000110
-0.000130
-0.000153
-0.000181
-0.000211
-0.000244
-0.000281
-0.000318
-0.000358
-0.000400
-0.000445
-0.000490
-0.000535
-0.000579
-0.000626
-0.000675
-0.000722
-0.000765
-0.000810
-0.000852
-0.000892
-0.000935
-0.000974
-0.001013
-0.001053
-0.001096
-0.001142
-0.001186
-0.001229
-0.001271
-0.001315
-0.001362
-0.001404
-0.001443
-0.001481
-0.001517
-0.001554
-0.001591
-0.001631
-0.001671
-0.001706
-0.001738
-0.001773
-0.001810
-0.001843
-0.001876
-0.001908
-0.001936
-0.001968
-0.002003
-0.002036
-0.002064
-0.002096
-0.002126
-0.002156
-0.002183
-0.002212
-0.002241
-0.002267
-0.002291
-0.002313
-0.002337
-0.002362
-0.002390
-0.002418
-0.002446
-0.002476
-0.002505
-0.002536
-0.002566
-0.002599
-0.002634
-0.002665
-0.002691
-0.002717
-0.002744
-0.002771
-0.002794
-0.002822
-0.002851
-0.002877
-0.002902
-0.002926
-0.002951
-0.002972
-0.002996
-0.003021
-0.003049
-0.003079
-0.003106
-0.003131
-0.003152
-0.003176
-0.003202
-0.003225
-0.003248
-0.003268
-0.003288
-0.003305
-0.003324
-0.003346
-0.003366
-0.003389
-0.003409
-0.003430
-0.003449
-0.003468
-0.003487
-0.003505
-0.003521
-0.003536
-0.003547
-0.003555
-0.003565
-0.003574
-0.003584
-0.003592
-0.003599
-0.003602
-0.003608
-0.003613
-0.003620
-0.003627
-0.003634
-0.003639
-0.003642
-0.003643
-0.003645
-0.003647
-0.003646
-0.003650
-0.003651
-0.003655
-0.003659
-0.003660
-0.003658
-0.003660
-0.003664
-0.003667
-0.003672
-0.003673
-0.003677
-0.003679
-0.003682
-0.003687
-0.003691
-0.003694
-0.003697
-0.003703
-0.003710
-0.003720
-0.003730
-0.003739
-0.003749
-0.003758
-0.003770
-0.003783
-0.003796
-0.003803
-0.003811
-0.003817
-0.003822
-0.003821
-0.003816
-0.003809
-0.003807
-0.003804
-0.003801
-0.003797
-0.003794
-0.003787
-0.003781
-0.003778
-0.003773
-0.003769
-0.003762
-0.003752
-0.003741
-0.003734
-0.003726
-0.003719
-0.003714
-0.003710
-0.003706
-0.003700
-0.003691
-0.003681
-0.003672
-0.003663
-0.003656
-0.003650
-0.003641
-0.003631
-0.003622
-0.003612
-0.003605
-0.003597
-0.003583
-0.003568
-0.003556
-0.003540
-0.003522
-0.003506
-0.003488
-0.003469
-0.003451
-0.003436
-0.003421
-0.003403
-0.003386
-0.003367
-0.003349
-0.003329
-0.003309
-0.003289
-0.003269
-0.003251
-0.003233
-0.003219
-0.003204
-0.003191
-0.003180
-0.003166
-0.003154
-0.003144
-0.003134
-0.003121
-0.003107
-0.003095
-0.003082
-0.003068
-0.003049
-0.003025
-0.003004
-0.002985
-0.002967
-0.002944
-0.002922
-0.002903
-0.002884
-0.002861
-0.002840
-0.002817
-0.002790
-0.002765
-0.002744
-0.002725
-0.002704
-0.002679
-0.002653
-0.002623
-0.002594
-0.002567
-0.002537
-0.002511
-0.002489
-0.002470
-0.002448
-0.002428
-0.002407
-0.002383
-0.002354
-0.002324
-0.002292
-0.002264
-0.002234
-0.002200
-0.002167
-0.002133
-0.002101
-0.002066
-0.002028
-0.001993
-0.001959
-0.001929
-0.001897
-0.001866
-0.001834
-0.001800
-0.001769
-0.001737
-0.001708
-0.001678
-0.001652
-0.001625
-0.001600
-0.001572
-0.001543
-0.001515
-0.001484
-0.001453
-0.001421
-0.001389
-0.001357
-0.001324
-0.001295
-0.001268
-0.001239
-0.001211
-0.001186
-0.001160
-0.001130
-0.001103
-0.001077
-0.001048
-0.001015
-0.000985
-0.000955
-0.000922
-0.000890
-0.000860
-0.000825
-0.000795
-0.000765
-0.000734
-0.000702
-0.000667
-0.000637
-0.000605
-0.000573
-0.000540
-0.000505
-0.000473
-0.000444
-0.000415
-0.000390
-0.000364
-0.000333
-0.000301
-0.000270
-0.000236
-0.000204
-0.000171
-0.000136
-0.000098
-0.000060
-0.000020
0.000023
0.000062
0.000102
0.000145
0.000183
0.000219
0.000252
0.000283
0.000311
0.000338
0.000361
0.000388
0.000419
0.000449
0.000479
0.000508
0.000538
0.000567
0.000597
0.000629
0.000660
0.000694
0.000726
0.000757
0.000784
0.000814
0.000841
0.000866
0.000894
0.000925
0.000951
0.000980
0.001012
0.001041
0.001070
0.001100
0.001132
0.001162
0.001193
0.001221
0.001250
0.001282
0.001312
0.001341
0.001367
0.001395
0.001421
0.001450
0.001476
0.001504
0.001530
0.001559
0.001587
0.001611
0.001636
0.001664
0.001688
0.001712
0.001733
0.001754
0.001775
0.001796
0.001822
0.001846
0.001869
0.001893
0.001920
0.001944
0.001967
0.001987
0.002002
0.002018
0.002035
0.002052
0.002069
0.002087
0.002102
0.002116
0.002126
0.002135
0.002145
0.002158
0.002173
0.002190
0.002211
0.002231
0.002248
0.002267
0.002282
0.002294
0.002307
0.002323
0.002336
0.002346
0.002355
0.002360
0.002364
0.002370
0.002374
0.002375
0.002376
0.002377
0.002380
0.002382
0.002385
0.002391
0.002399
0.002410
0.002423
0.002433
0.002445
0.002458
0.002471
0.002480
0.002493
0.002508
0.002524
0.002541
0.002557
0.002572
0.002587
0.002602
0.002616
0.002625
0.002637
0.002645
0.002655
0.002659
0.002662
0.002665
0.002664
0.002668
0.002671
0.002674
0.002675
0.002675
0.002671
0.002666
0.002664
0.002659
0.002652
0.002644
0.002633
0.002619
0.002609
0.002603
0.002599
0.002591
0.002587
0.002586
0.002585
0.002581
0.002577
0.002575
0.002571
0.002570
0.002570
0.002571
0.002574
0.002573
0.002575
0.002574
0.002571
0.002564
0.002559
0.002555
0.002551
0.002545
0.002539
0.002530
0.002523
0.002513
0.002507
0.002505
0.002501
0.002498
0.002496
0.002496
0.002493
0.002490
0.002491
0.002491
0.002487
0.002483
0.002475
0.002462
0.002447
0.002431
0.002413
0.002391
0.002369
0.002349
0.002332
0.002315
0.002298
0.002283
0.002271
0.002261
0.002253
0.002244
0.002237
0.002226
0.002215
0.002201
0.002186
0.002175
0.002161
0.002147
0.002136
0.002121
0.002111
0.002102
0.002090
0.002075
0.002063
0.002048
0.002032
0.002018
0.002005
0.001991
0.001975
0.001959
0.001938
0.001916
0.001896
0.001879
0.001859
0.001841
0.001827
0.001811
0.001797
0.001781
0.001769
0.001755
0.001741
0.001726
0.001709
0.001690
0.001667
0.001643
0.001617
0.001593
0.001567
0.001545
0.001527
0.001505
0.001487
0.001466
0.001447
0.001427
0.001407
0.001387
0.001369
0.001348
0.001328
0.001306
0.001282
0.001256
0.001227
0.001195
0.001162
0.001128
0.001099
0.001067
0.001041
0.001013
0.000985
0.000961
0.000942
0.000919
0.000894
0.000872
0.000853
0.000834
0.000814
0.000796
0.000779
0.000763
0.000750
0.000735
0.000720
0.000702
0.000683
0.000663
0.000648
0.000633
0.000619
0.000604
0.000585
0.000571
0.000560
0.000548
0.000539
0.000530
0.000524
0.000516
0.000505
0.000492
0.000477
0.000462
0.000451
0.000438
0.000422
0.000406
0.000393
0.000377
0.000364
0.000355
0.000345
0.000334
0.000323
0.000308
0.000297
0.000286
0.000274
0.000260
0.000249
0.000241
0.000236
0.000234
0.000227
0.000217
0.000212
0.000205
0.000198
0.000194
0.000188
0.000179
0.000167
0.000155
0.000146
0.000135
0.000124
0.000111
0.000097
0.000085
0.000073
0.000058
0.000044
0.000028
0.000017
0.000005
-0.000003
-0.000011
-0.000020
-0.000028
-0.000032
-0.000034
-0.000036
-0.000039
-0.000044
-0.000050
-0.000055
-0.000059
-0.000065
-0.000072
-0.000076
-0.000075
-0.000073
-0.000074
-0.000076
-0.000074
-0.000071
-0.000069
-0.000067
-0.000066
-0.000067
-0.000067
-0.000068
-0.000065
-0.000061
-0.000059
-0.000057
-0.000055
-0.000051
-0.000049
-0.000048
-0.000045
-0.000044
-0.000042
-0.000037
-0.000031
-0.000023
-0.000017
-0.000010
-0.000003
0.000002
0.000011
0.000022
0.000030
0.000038
0.000045
0.000054
0.000061
0.000068
0.000078
0.000091
0.000102
0.000112
0.000119
0.000127
0.000134
0.000142
0.000150
0.000156
0.000163
0.000171
0.000177
0.000183
0.000188
0.000193
0.000197
0.000201
0.000203
0.000203
0.000202
0.000201
0.000202
0.000204
0.000206
0.000209
0.000210
0.000210
0.000211
0.000210
0.000208
0.000205
0.000203
0.000201
0.000199
0.000194
0.000186
0.000176
0.000164
0.000151
0.000136
0.000120
0.000105
0.000088
0.000069
0.000049
0.000026
0.000003
-0.000022
-0.000049
-0.000079
-0.000112
-0.000145
-0.000182
-0.000220
-0.000261
-0.000303
-0.000348
-0.000395
-0.000445
-0.000498
-0.000553
-0.000610
-0.000669
-0.000732
-0.000798
-0.000866
-0.000937
-0.001011
