56.546209
57.000000
57.000000
57.000000
57.000000
57.000000
57.000000
57.000000
57.000000
57.000000
57.000000
57.000000
57.000000
57.000000
57.000000
57.000000
57.000000
57.000000
57.000000
57.000000
57.000000
57.000000
57.000000
57.000000
57.000000
57.000000
57.000000
57.000000
57.000000
57.000000
57.000000
57.000000
57.000000
57.000000
57.000000
57.000000
57.000000
57.000000
57.000000
57.000000
57.000000
57.000000
57.000000
57.000000
57.000000
57.000000
57.000000
57.000000
57.000000
57.000000
57.000000
57.000000
57.000000
57.000000
57.000000
57.000000
57.000000
57.000000
57.000000
57.000000
57.000000
57.000000
57.000000
57.000000
57.000000
57.000000
57.000000
57.000000
57.000000
57.000000
57.000000
57.000000
57.000000
57.000000
57.000000
57.000000
57.000000
57.000000
57.000000
57.000000
57.000000
57.000000
57.000000
57.000000
57.000000
57.000000
57.000000
57.000000
57.000000
57.000000
57.000000
57.000000
57.000000
57.000000
57.000000
57.000000
57.000000
57.000000
57.000000
57.000000
57.000000
57.000000
57.000000
57.000000
57.000000
57.000000
57.000000
57.000000
57.000000
57.000000
57.000000
57.000000
57.000000
57.000000
57.000000
57.000000
57.000000
57.000000
57.000000
57.000000
57.000000
57.000000
57.000000
57.000000
57.000000
57.000000
57.000000
57.000000
57.000000
57.000000
57.000000
57.000000
57.000000
57.000000
57.000000
57.000000
57.000000
57.000000
57.000000
57.000000
57.000000
57.000000
57.000000
57.000000
57.000000
57.000000
57.000000
57.000000
57.000000
57.000000
57.000000
57.000000
57.000000
57.000000
57.000000
57.000000
57.000000
57.000000
57.000000
57.000000
57.000000
57.000000
57.000000
57.000000
57.000000
57.000000
57.000000
57.000000
57.000000
57.000000
57.000000
57.000000
57.000000
57.000000
57.000000
57.000000
57.000000
57.000000
57.000000
57.000000
57.000000
57.000000
57.000000
57.000000
56.900344
56.900303
56.900208
56.900037
56.899769
56.899388
56.898893
56.897838
56.896452
56.893411
56.891753
56.891187
56.889942
56.888189
56.885691
56.883593
56.879869
56.876733
56.873835
56.870569
56.867818
56.865510
56.863944
56.862891
56.861216
56.858165
56.854574
56.851361
56.849220
56.846537
56.844095
56.841783
56.840374
56.837765
56.835359
56.833019
56.828943
56.823737
56.819721
56.817313
56.812560
56.809270
56.806478
56.803816
56.798639
56.795800
56.790514
56.785681
56.781444
56.778277
56.772816
56.769596
56.765151
56.760175
56.756450
56.752679
56.747960
56.744879
56.739333
56.735923
56.731151
56.726637
56.722321
56.718948
56.714171
56.708684
56.705016
56.699475
56.694816
56.690469
56.685129
56.681868
56.677250
56.673777
56.669746
56.666092
56.662375
56.657219
56.653167
56.649248
56.644359
56.639287
56.635898
56.631304
56.627322
56.623215
56.619429
56.615800
56.611629
56.608123
56.603760
56.599913
56.596582
56.592419
56.588385
56.584472
56.580854
56.577161
56.574251
56.571292
56.568312
56.565351
56.562247
56.559506
56.556982
56.554454
56.551656
56.548599
56.546261
56.543293
56.541071
56.538575
56.536298
56.533758
56.531792
56.529553
56.527778
56.526096
56.524195
56.522323
56.520403
56.518695
56.517207
56.515988
56.514477
56.513195
56.511917
56.510813
56.509795
56.508683
56.507747
56.506970
56.506160
56.505397
56.504732
56.503956
56.503359
56.502842
56.502319
56.501881
56.501535
56.501162
56.500875
56.500598
56.500417
56.500232
56.500099
56.500019
56.499959
56.499887
56.499838
56.499817
56.499795
56.499814
56.499796
56.499802
56.499789
56.499766
56.499738
56.499696
56.499617
56.499499
56.499349
56.499161
56.498906
56.498645
56.498320
56.497921
56.497446
56.496918
56.496279
56.495589
56.494757
56.493833
56.492720
56.491477
56.490266
56.488826
56.487147
56.485250
56.483235
56.481158
56.479139
56.476744
56.474334
56.471453
56.468586
56.464907
56.461266
56.457726
56.453326
56.449379
56.445127
56.440324
56.435205
56.429701
56.423643
56.417046
56.410300
56.403354
56.395923
56.388250
56.380578
56.372534
56.362866
56.353560
56.342980
56.333281
56.322869
56.311609
56.298667
56.287033
56.275112
56.261339
56.248096
56.232743
56.216319
56.201471
56.185038
56.166608
56.148847
56.130640
56.111618
56.092492
56.070445
56.047972
56.025190
56.002058
55.980429
55.954703
55.931763
55.904429
55.875660
55.848291
55.822315
55.791649
55.759639
55.727860
55.694304
55.659400
55.624764
55.590014
55.551966
55.515356
55.478943
55.440426
55.403387
55.364860
55.322774
55.278471
55.234325
55.186460
55.144697
55.096381
55.048175
55.000278
54.948628
54.901886
54.849139
54.793746
54.737393
54.687174
54.626436
54.573134
54.515085
54.499695
54.499704
54.499678
54.499654
54.499632
54.499640
54.499629
54.499630
54.499645
54.499664
54.499676
54.499678
54.499651
54.499654
54.499676
54.499670
54.499671
54.499652
54.499663
54.499680
54.499660
54.499647
54.499619
54.499621
54.499619
54.499612
54.499623
54.499601
54.499601
54.499582
54.499577
54.499550
54.499556
54.499534
54.499546
54.499550
54.499541
54.499547
54.499544
54.499548
54.499537
54.499536
54.499535
54.499508
54.499490
54.499495
54.499483
54.499462
54.499460
54.499474
54.499456
54.499441
54.499456
54.499475
54.499447
54.499448
54.499453
54.499440
54.499429
54.499444
54.499414
54.499407
54.499402
54.499405
54.499415
54.499385
54.499380
54.499383
54.499377
54.499384
54.499357
54.499334
54.499324
54.499297
54.499296
54.499314
54.499319
54.499302
54.499314
54.499291
54.499297
54.499297
54.499307
54.499301
54.499304
54.499315
54.499281
54.499284
54.499287
54.499257
54.499233
54.499204
54.499187
54.499161
54.499146
54.499116
54.499132
54.499140
54.499136
54.499119
54.499109
54.499104
54.499086
54.499086
54.499090
54.499077
54.499082
54.499058
54.499046
54.499017
54.499019
54.498993
54.498975
54.498979
54.498986
54.498950
54.498959
54.498964
54.498934
54.498928
54.498919
54.498922
54.498901
54.498900
54.498869
54.498862
54.498867
54.498848
54.498833
54.498798
54.498801
54.498781
54.498781
54.498754
54.498758
54.498732
54.498740
54.498718
54.498682
54.498678
54.498683
54.498651
54.498637
54.498604
54.498588
54.498579
54.498571
54.498580
54.498557
54.498540
54.498534
54.498539
54.498502
54.498488
54.498451
54.498410
54.498403
54.498396
54.498377
54.498366
54.498356
54.498324
54.498305
54.498263
54.498245
54.498232
54.498240
54.498232
54.498233
54.498238
54.498218
54.498186
54.498181
54.498136
54.498108
54.498094
54.498099
54.498059
54.498029
54.498005
54.497962
54.497940
54.497935
54.497902
54.497872
54.497850
54.497830
54.497829
54.497803
54.497789
54.497790
54.497784
54.497782
54.497774
54.497736
54.497730
54.497723
54.497696
54.497656
54.497655
54.497650
54.497636
54.497620
54.497594
54.497567
54.497547
54.497528
54.497497
54.497450
54.497439
54.497401
54.497383
54.497330
54.497296
54.497276
54.497233
54.497234
54.497206
54.497184
54.497150
54.497116
54.497068
54.497042
54.497030
54.496991
54.496946
54.496922
54.496878
54.496835
54.496829
54.496829
54.496816
54.496766
54.496761
54.496754
54.496731
54.496676
54.496656
54.496638
54.496600
54.496587
54.496565
54.496544
54.496527
54.496473
54.496457
54.496414
54.496370
54.496317
54.496299
54.496272
54.496242
54.496201
54.496168
54.496113
54.496094
54.496051
54.496037
54.496025
54.495988
54.495958
54.495929
54.495908
54.495851
54.495823
54.495808
54.495773
54.495708
54.495674
54.495608
54.495546
54.495494
54.495450
54.495399
54.495342
54.495300
54.495273
54.495253
54.495214
54.495176
54.495154
54.495122
54.495101
54.495071
54.495027
54.494993
54.494927
54.494888
54.494826
54.494775
54.494756
54.494698
54.494654
54.494624
54.494559
54.494537
54.494507
54.494437
54.494371
54.494348
54.494283
54.494226
54.494191
54.494146
54.494093
54.494035
54.493979
54.493906
54.493844
54.493803
54.493774
54.493702
54.493665
54.493637
54.493572
54.493530
54.493468
54.493435
54.493369
54.493313
54.493249
54.493180
54.493110
54.493031
54.492961
54.492898
54.492847
54.492775
54.492740
54.492706
54.492624
54.492585
54.492505
54.492452
54.492384
54.492323
54.492261
54.492204
54.492125
54.492062
54.491984
54.491907
54.491821
54.491736
54.491654
54.491570
54.491498
54.491457
54.491373
54.491335
54.491252
54.491177
54.491136
54.491088
54.490995
54.490906
54.490846
54.490797
54.490711
54.490635
54.490574
54.490497
54.490424
54.490366
54.490273
54.490192
54.490087
54.490005
54.489913
54.489858
54.489778
54.489699
54.489605
54.489498
54.489441
54.489366
54.489281
54.489205
54.489123
54.489051
54.488943
54.488826
54.488726
54.488615
54.488523
54.488449
54.488342
54.488227
54.488131
54.488048
54.487924
54.487854
54.487775
54.487670
54.487554
54.487454
54.487326
54.487245
54.487133
54.487025
54.486898
54.486814
54.486730
54.486637
54.486541
54.486400
54.486266
54.486181
54.486056
54.485938
54.485846
54.485710
54.485567
54.485429
54.485302
54.485209
54.485064
54.484943
54.484801
54.484670
54.484553
54.484428
54.484278
54.484147
54.484007
54.483905
54.483769
54.483667
54.483523
54.483386
54.483249
54.483144
54.483024
54.482875
54.482729
54.482565
54.482418
54.482280
54.482134
54.481977
54.481809
54.481696
54.481576
54.481430
54.481253
54.481095
54.480963
54.480824
54.480648
54.480486
54.480318
54.480148
54.479984
54.479807
54.479675
54.479521
54.479333
54.479160
54.478987
54.478829
54.478647
54.478450
54.478295
54.478099
54.477932
54.477777
54.477595
54.477434
54.477238
54.477055
54.476861
54.476666
54.476507
54.476329
54.476114
54.475915
54.475714
54.475525
54.475314
54.475119
54.474946
54.474769
54.474544
54.474326
54.474092
54.473898
54.473665
54.473465
54.473261
54.473019
54.472812
54.472613
54.472366
54.472141
54.471919
54.471685
54.471456
54.471220
54.470969
54.470715
54.470476
54.470237
54.470030
54.469809
54.469584
54.469343
54.469090
54.468842
54.468606
54.468331
54.468080
54.467824
54.467594
54.467353
54.467097
54.466808
54.466512
54.555725
54.702240
54.829746
54.933124
55.072777
55.192194
55.279030
55.396622
55.493138
55.593895
55.670396
55.756594
55.841164
55.907632
55.972319
56.040922
56.101817
56.154064
56.201124
56.241922
56.277703
56.310760
56.343860
56.368814
56.389322
56.407631
56.422920
56.434388
56.442927
56.448658
56.452813
56.455089
56.455810
56.455678
