56.455342
57.000000
57.000000
57.000000
57.000000
57.000000
57.000000
57.000000
57.000000
57.000000
57.000000
57.000000
57.000000
57.000000
57.000000
57.000000
57.000000
57.000000
57.000000
57.000000
57.000000
57.000000
57.000000
57.000000
57.000000
57.000000
57.000000
57.000000
57.000000
57.000000
57.000000
57.000000
57.000000
57.000000
57.000000
57.000000
57.000000
57.000000
57.000000
57.000000
57.000000
57.000000
57.000000
57.000000
57.000000
57.000000
57.000000
57.000000
57.000000
57.000000
57.000000
57.000000
57.000000
57.000000
57.000000
57.000000
57.000000
57.000000
57.000000
57.000000
57.000000
57.000000
57.000000
57.000000
57.000000
57.000000
57.000000
57.000000
57.000000
57.000000
57.000000
57.000000
57.000000
57.000000
57.000000
57.000000
57.000000
57.000000
57.000000
57.000000
57.000000
57.000000
57.000000
57.000000
57.000000
57.000000
57.000000
57.000000
57.000000
57.000000
57.000000
57.000000
57.000000
57.000000
57.000000
57.000000
57.000000
57.000000
57.000000
57.000000
57.000000
57.000000
57.000000
57.000000
57.000000
57.000000
57.000000
57.000000
57.000000
57.000000
57.000000
57.000000
57.000000
57.000000
57.000000
57.000000
57.000000
57.000000
57.000000
57.000000
57.000000
57.000000
57.000000
57.000000
57.000000
57.000000
57.000000
57.000000
57.000000
57.000000
57.000000
57.000000
57.000000
57.000000
57.000000
57.000000
57.000000
57.000000
57.000000
57.000000
57.000000
57.000000
57.000000
57.000000
57.000000
57.000000
57.000000
57.000000
57.000000
57.000000
57.000000
57.000000
57.000000
57.000000
57.000000
57.000000
57.000000
57.000000
57.000000
57.000000
57.000000
57.000000
57.000000
57.000000
57.000000
57.000000
57.000000
57.000000
57.000000
57.000000
57.000000
57.000000
57.000000
57.000000
57.000000
57.000000
57.000000
57.000000
57.000000
57.000000
57.000000
57.000000
57.000000
57.000000
56.900444
56.900403
56.900308
56.900137
56.899869
56.899488
56.898994
56.898033
56.896711
56.893672
56.892060
56.891486
56.890248
56.888550
56.886030
56.883970
56.880292
56.877189
56.874325
56.871107
56.868358
56.866083
56.864539
56.863522
56.861845
56.858800
56.855206
56.852018
56.849899
56.847196
56.844718
56.842422
56.840987
56.838351
56.835975
56.833592
56.829527
56.824331
56.820338
56.817975
56.813200
56.809899
56.807098
56.804461
56.799321
56.796428
56.791100
56.786265
56.781997
56.778845
56.773388
56.770205
56.765759
56.760738
56.756965
56.753241
56.748538
56.745412
56.739870
56.736447
56.731632
56.727166
56.722895
56.719486
56.714659
56.709218
56.705536
56.699990
56.695301
56.690971
56.685637
56.682355
56.677698
56.674216
56.670199
56.666567
56.662877
56.657726
56.653679
56.649784
56.644888
56.639834
56.636436
56.631886
56.627925
56.623767
56.619933
56.616308
56.612138
56.608642
56.604243
56.600438
56.597137
56.592923
56.588898
56.584967
56.581359
56.577626
56.574750
56.571811
56.568863
56.565924
56.562783
56.560029
56.557468
56.554969
56.552188
56.549115
56.546771
56.543766
56.541552
56.539016
56.536773
56.534270
56.532277
56.530081
56.528266
56.526607
56.524681
56.522814
56.520894
56.519169
56.517668
56.516438
56.514893
56.513569
56.512324
56.511196
56.510206
56.509065
56.508123
56.507302
56.506532
56.505769
56.505109
56.504356
56.503750
56.503215
56.502666
56.502213
56.501880
56.501510
56.501196
56.500971
56.500766
56.500615
56.500485
56.500378
56.500284
56.500256
56.500231
56.500208
56.500213
56.500188
56.500205
56.500196
56.500196
56.500190
56.500165
56.500113
56.500031
56.499955
56.499820
56.499669
56.499426
56.499153
56.498829
56.498437
56.497998
56.497478
56.496852
56.496096
56.495271
56.494331
56.493212
56.491907
56.490641
56.489198
56.487565
56.485673
56.483658
56.481572
56.479573
56.477133
56.474736
56.471892
56.469011
56.465347
56.461676
56.458101
56.453702
56.449797
56.445540
56.440754
56.435670
56.430166
56.424128
56.417502
56.410727
56.403784
56.396363
56.388696
56.381043
56.373024
56.363317
56.354020
56.343442
56.333742
56.323372
56.312101
56.299104
56.287456
56.275572
56.261762
56.248498
56.233185
56.216725
56.201879
56.185465
56.167073
56.149319
56.131083
56.112081
56.092927
56.070910
56.048410
56.025639
56.002510
55.980893
55.955188
55.932260
55.904970
55.876207
55.848860
55.822908
55.792221
55.760239
55.728496
55.694936
55.660007
55.625365
55.590646
55.552599
55.515977
55.479507
55.440949
55.403949
55.365441
55.323380
55.279033
55.234899
55.187072
55.145322
55.096971
55.048786
55.000876
54.949182
54.902483
54.849780
54.794420
54.738053
54.687792
54.627047
54.573704
54.515678
54.500315
54.500306
54.500332
54.500357
54.500379
54.500371
54.500382
54.500382
54.500367
54.500348
54.500336
54.500334
54.500361
54.500359
54.500337
54.500343
54.500343
54.500362
54.500352
54.500335
54.500355
54.500368
54.500396
54.500394
54.500397
54.500404
54.500393
54.500416
54.500416
54.500436
54.500440
54.500467
54.500462
54.500484
54.500473
54.500468
54.500478
54.500472
54.500476
54.500472
54.500484
54.500485
54.500486
54.500513
54.500532
54.500527
54.500539
54.500560
54.500563
54.500549
54.500567
54.500583
54.500569
54.500551
54.500579
54.500578
54.500573
54.500586
54.500598
54.500583
54.500613
54.500622
54.500627
54.500624
54.500615
54.500645
54.500651
54.500648
54.500655
54.500648
54.500675
54.500698
54.500709
54.500736
54.500738
54.500721
54.500716
54.500734
54.500722
54.500746
54.500740
54.500741
54.500732
54.500738
54.500736
54.500726
54.500761
54.500758
54.500756
54.500786
54.500811
54.500840
54.500857
54.500884
54.500899
54.500929
54.500914
54.500907
54.500912
54.500929
54.500940
54.500946
54.500964
54.500965
54.500962
54.500976
54.500972
54.500996
54.501008
54.501038
54.501036
54.501063
54.501082
54.501079
54.501073
54.501109
54.501101
54.501097
54.501128
54.501134
54.501144
54.501143
54.501164
54.501167
54.501198
54.501206
54.501201
54.501222
54.501237
54.501272
54.501271
54.501291
54.501292
54.501320
54.501317
54.501344
54.501337
54.501360
54.501396
54.501402
54.501398
54.501431
54.501445
54.501479
54.501496
54.501506
54.501515
54.501508
54.501532
54.501549
54.501557
54.501553
54.501591
54.501605
54.501643
54.501684
54.501693
54.501701
54.501721
54.501734
54.501744
54.501778
54.501797
54.501839
54.501859
54.501873
54.501867
54.501876
54.501877
54.501874
54.501894
54.501928
54.501934
54.501979
54.502008
54.502024
54.502020
54.502061
54.502092
54.502117
54.502160
54.502183
54.502190
54.502224
54.502255
54.502278
54.502300
54.502302
54.502329
54.502345
54.502346
54.502353
54.502358
54.502368
54.502406
54.502414
54.502423
54.502451
54.502492
54.502495
54.502502
54.502518
54.502536
54.502563
54.502591
54.502613
54.502635
54.502667
54.502714
54.502727
54.502767
54.502787
54.502840
54.502875
54.502897
54.502940
54.502942
54.502972
54.502996
54.503031
54.503066
54.503114
54.503142
54.503156
54.503197
54.503242
54.503268
54.503313
54.503357
54.503365
54.503368
54.503384
54.503435
54.503443
54.503452
54.503478
54.503532
54.503556
54.503575
54.503615
54.503631
54.503655
54.503679
54.503698
54.503753
54.503772
54.503816
54.503862
54.503916
54.503936
54.503965
54.503998
54.504040
54.504075
54.504131
54.504153
54.504198
54.504215
54.504230
54.504270
54.504303
54.504334
54.504358
54.504416
54.504447
54.504466
54.504503
54.504568
54.504605
54.504671
54.504734
54.504787
54.504833
54.504885
54.504943
54.504988
54.505018
54.505041
54.505082
54.505123
54.505149
54.505184
54.505209
54.505242
54.505289
54.505327
54.505393
54.505435
54.505498
54.505551
54.505575
54.505635
54.505681
54.505715
54.505781
54.505808
54.505842
54.505913
54.505979
54.506008
54.506074
54.506133
54.506173
54.506221
54.506276
54.506337
54.506394
54.506469
54.506532
54.506577
54.506611
54.506684
54.506726
54.506760
54.506826
54.506873
54.506937
54.506976
54.507043
54.507102
54.507170
54.507240
54.507312
54.507392
54.507464
54.507529
54.507584
54.507659
54.507699
54.507740
54.507823
54.507868
54.507950
54.508007
54.508078
54.508143
54.508209
54.508271
54.508352
54.508419
54.508499
54.508579
54.508666
54.508752
54.508836
54.508922
54.508997
54.509046
54.509132
54.509179
54.509264
54.509343
54.509393
54.509450
54.509545
54.509637
54.509704
54.509763
54.509852
54.509934
54.510004
54.510086
54.510166
54.510233
54.510329
54.510416
54.510523
54.510611
54.510706
54.510773
54.510859
54.510945
54.511043
54.511154
54.511222
54.511305
54.511397
54.511482
54.511572
54.511654
54.511765
54.511885
54.511991
54.512105
54.512204
54.512289
54.512401
54.512520
54.512623
54.512717
54.512842
54.512926
54.513017
54.513129
54.513250
54.513358
54.513489
54.513583
54.513702
54.513818
54.513948
54.514047
54.514144
54.514250
54.514358
54.514502
54.514640
54.514741
54.514872
54.515000
54.515107
54.515248
54.515395
54.515539
54.515674
54.515784
54.515933
54.516065
54.516212
54.516352
54.516482
54.516618
54.516773
54.516914
54.517063
54.517183
54.517329
54.517451
54.517604
54.517753
54.517902
54.518028
54.518166
54.518325
54.518483
54.518655
54.518814
54.518968
54.519127
54.519295
54.519472
54.519610
54.519754
54.519916
54.520101
54.520274
54.520429
54.520590
54.520776
54.520955
54.521137
54.521322
54.521503
54.521693
54.521854
54.522031
54.522231
54.522422
54.522614
54.522796
54.522995
54.523204
54.523387
54.523597
54.523790
54.523976
54.524179
54.524371
54.524586
54.524794
54.525010
54.525227
54.525423
54.525631
54.525864
54.526088
54.526314
54.526534
54.526767
54.526993
54.527207
54.527424
54.527671
54.527915
54.528170
54.528402
54.528658
54.528896
54.529138
54.529402
54.529649
54.529892
54.530162
54.530423
54.530683
54.530950
54.531217
54.531488
54.531769
54.532052
54.532329
54.532608
54.532872
54.533145
54.533422
54.533709
54.534003
54.534297
54.534588
54.534897
54.535198
54.535503
54.535798
54.536100
54.536412
54.536739
54.537071
54.626903
54.774036
54.902141
55.006148
55.146395
55.266405
55.353828
55.472101
55.569248
55.670665
55.747803
55.834653
55.919897
55.987080
56.052464
56.121728
56.183353
56.236291
56.284072
56.325576
56.362049
56.395868
56.429730
56.455452
56.476680
56.495711
56.511777
56.524046
56.533376
56.539868
56.544783
56.547876
56.549429
56.550122
