48.392327
0.000000
0.000000
0.000000
0.000000
0.000000
0.000000
0.000000
0.000000
0.000000
0.000000
0.000000
0.000000
0.000000
0.000000
0.000000
0.000000
0.000000
0.000000
0.000000
0.000000
0.000000
0.000000
0.000000
0.000000
0.000000
0.000000
0.000000
0.000000
0.000000
0.000000
0.000000
0.000000
0.000000
0.000000
0.000000
0.000000
0.000000
0.000000
0.000000
0.000000
0.000000
0.000000
0.000000
0.000000
0.000000
0.000000
0.000000
0.000000
0.000000
0.000000
0.000000
0.000000
0.000000
0.000000
0.000000
0.000000
0.000000
0.000000
0.000000
0.000000
0.000000
0.000000
0.000000
0.000000
0.000000
0.000000
0.000000
0.000000
0.000000
0.000000
0.000000
0.000000
0.000000
0.000000
0.000000
0.000000
0.000000
0.000000
0.000000
0.000000
0.000000
0.000000
0.000000
0.000000
0.000000
0.000000
0.000000
0.000000
0.000000
0.000000
0.000000
0.000000
0.000000
0.000000
0.000000
0.000000
0.000000
0.000000
0.000000
0.000000
0.000000
0.000000
0.000000
0.000000
0.000000
0.000000
0.000000
0.000000
0.000000
0.000000
0.000000
0.000000
0.000000
0.000000
0.000000
0.000000
0.000000
0.000000
0.000000
0.000000
0.000000
0.000000
0.000000
0.000000
0.000000
0.000000
0.000000
0.000000
0.000000
0.000000
0.000000
0.000000
0.000000
0.000000
0.000000
0.000000
0.000000
0.000000
0.000000
0.000000
0.000000
0.000000
0.000000
0.000000
0.000000
0.000000
0.000000
0.000000
0.000000
0.000000
0.000000
0.000000
0.000000
0.000000
0.000000
0.000000
0.000000
0.000000
0.000000
0.000000
0.000000
0.000000
0.000000
0.000000
0.000000
0.000000
0.000000
0.000000
0.000000
0.000000
0.000000
0.000000
0.000000
0.000000
0.000000
0.000000
0.000000
0.000000
0.000000
0.000000
0.000000
0.000000
0.000000
0.050000
0.050000
0.050000
0.050000
0.050000
0.050000
0.050000
0.050000
0.050000
0.050000
0.050000
0.050000
0.050000
0.050000
0.050000
0.050000
0.050000
0.050000
0.050001
0.050001
0.050001
0.050001
0.050001
0.050002
0.050002
0.050002
0.050002
0.050003
0.050003
0.050003
0.050003
0.050003
0.050004
0.050004
0.050004
0.050004
0.050004
0.050005
0.050005
0.050006
0.050006
0.050006
0.050006
0.050007
0.050008
0.050008
0.050007
0.050008
0.050007
0.050008
0.050008
0.050009
0.050009
0.050009
0.050008
0.050009
0.050010
0.050009
0.050009
0.050009
0.050008
0.050009
0.050011
0.050009
0.050008
0.050009
0.050009
0.050009
0.050007
0.050008
0.050008
0.050007
0.050005
0.050004
0.050005
0.050005
0.050006
0.050006
0.050006
0.050007
0.050006
0.050007
0.050006
0.050008
0.050010
0.050006
0.050002
0.050002
0.050001
0.050001
0.049998
0.050000
0.050001
0.049996
0.049996
0.049994
0.049993
0.049988
0.049990
0.049991
0.049992
0.049993
0.049988
0.049986
0.049980
0.049981
0.049981
0.049978
0.049975
0.049969
0.049967
0.049960
0.049961
0.049963
0.049957
0.049960
0.049952
0.049952
0.049945
0.049943
0.049939
0.049933
0.049927
0.049922
0.049912
0.049900
0.049901
0.049891
0.049891
0.049880
0.049873
0.049858
0.049859
0.049852
0.049847
0.049845
0.049836
0.049825
0.049812
0.049800
0.049795
0.049787
0.049772
0.049775
0.049760
0.049759
0.049750
0.049734
0.049715
0.049716
0.049712
0.049700
0.049697
0.049674
0.049673
0.049656
0.049649
0.049642
0.049630
0.049615
0.049601
0.049602
0.049594
0.049593
0.049584
0.049567
0.049554
0.049543
0.049542
0.049532
0.049523
0.049484
0.049472
0.049450
0.049431
0.049389
0.049348
0.049327
0.049326
0.049307
0.049287
0.049261
0.049249
0.049206
0.049189
0.049183
0.049152
0.049135
0.049096
0.049052
0.049026
0.049020
0.048989
0.048970
0.048961
0.048933
0.048915
0.048870
0.048823
0.048793
0.048767
0.048738
0.048717
0.048698
0.048639
0.048610
0.048576
0.048538
0.048529
0.048484
0.048409
0.048360
0.048344
0.048275
0.048217
0.048201
0.048128
0.048084
0.048050
0.048030
0.047986
0.047916
0.047881
0.047806
0.047779
0.047702
0.047657
0.047603
0.047556
0.047517
0.047468
0.047449
0.047396
0.047357
0.047319
0.047240
0.047206
0.047179
0.047112
0.047025
0.046956
0.046921
0.046855
0.046776
0.046646
0.046531
0.046497
0.046441
0.046391
0.046263
0.046197
0.046158
0.046090
0.045966
0.045907
0.045804
0.045663
0.045625
0.045586
0.045535
0.045424
0.045278
0.045171
0.045017
0.044945
0.044876
0.044745
0.044710
0.044670
0.044624
0.044492
0.044418
0.044307
0.044152
0.043981
0.043825
0.043696
0.043654
0.043518
0.043319
0.043208
0.043069
0.042996
0.042819
0.042619
0.042542
0.042439
0.042387
0.042231
0.042090
0.041966
0.041769
0.041696
0.041535
0.041450
0.041304
0.041246
0.041062
0.040984
0.040771
0.040585
0.040451
0.040250
0.040086
0.039888
0.039750
0.039565
0.039380
0.039302
0.039187
0.038971
0.038827
0.038724
0.038535
0.038266
0.038144
0.038009
0.037726
0.037421
0.037338
0.037105
0.036851
0.036684
0.036505
0.036191
0.036106
0.035901
0.035680
0.035416
0.035109
0.035016
0.034783
0.034502
0.034269
0.033959
0.033838
0.033689
0.033468
0.033348
0.033075
0.032685
0.032364
0.032173
0.031789
0.031632
0.031276
0.030958
0.030569
0.030278
0.029917
0.029501
0.029393
0.029041
0.028678
0.028525
0.028327
0.028166
0.027919
0.027744
0.027486
0.027343
0.026854
0.026424
0.026077
0.025815
0.025498
0.025142
0.024881
0.024475
0.024032
0.023718
0.023250
0.023017
0.022674
0.022485
0.022015
0.021798
0.021509
0.021017
0.020497
0.020355
0.019792
0.019268
0.019065
0.018617
0.018206
0.017673
0.017359
0.016852
0.016632
0.016165
0.015574
0.015229
0.014826
0.014627
0.014038
0.013684
0.013112
0.012831
0.012198
0.011896
0.011207
0.010846
0.010637
0.010064
0.009392
0.009132
0.008650
0.008398
0.007946
0.007413
0.006852
0.006083
0.005699
0.005214
0.004600
0.003827
0.003595
0.003042
0.002804
0.002610
0.001989
0.001351
0.000869
0.000281
-0.000343
-0.000655
-0.001163
-0.001348
-0.001864
-0.002448
-0.003341
-0.004030
-0.004858
-0.005763
-0.006316
-0.006692
-0.007492
-0.007677
-0.008133
-0.008798
-0.009774
-0.010031
-0.010469
-0.010994
-0.011212
-0.011767
-0.012602
-0.012969
-0.013412
-0.013972
-0.014572
-0.015525
-0.016027
-0.016778
-0.017799
-0.018719
-0.019718
-0.020635
-0.021027
-0.022019
-0.023010
-0.023615
-0.023998
-0.025141
-0.026216
-0.027139
-0.028042
-0.028754
-0.029466
-0.030319
-0.031194
-0.031831
-0.032155
-0.033238
-0.033717
-0.034663
-0.034831
-0.035431
-0.036324
-0.036705
-0.038100
-0.038819
-0.039721
-0.040339
-0.040972
-0.041278
-0.042098
-0.043259
-0.043757
-0.044132
-0.045025
-0.045398
-0.045815
-0.047184
-0.048708
-0.049912
-0.050189
-0.051693
-0.053139
-0.054194
-0.054419
-0.055582
-0.056838
-0.057510
-0.058959
-0.060129
-0.061360
-0.062769
-0.063086
-0.064550
-0.065227
-0.065853
-0.066233
-0.067686
-0.068848
-0.069939
-0.070718
-0.071768
-0.072112
-0.073622
-0.074327
-0.076045
-0.077839
-0.078824
-0.080101
-0.081441
-0.083073
-0.083495
-0.084937
-0.086833
-0.088094
-0.088296
-0.089615
-0.089773
-0.090075
-0.090716
-0.091643
-0.092285
-0.092728
-0.093687
-0.095264
-0.097145
-0.098316
-0.099558
-0.101480
-0.103028
-0.105083
-0.106809
-0.107996
-0.109654
-0.109990
-0.111505
-0.112016
-0.113047
-0.115401
-0.116116
-0.117497
-0.119544
-0.120006
-0.122466
-0.124567
-0.124916
-0.125486
-0.128036
-0.128612
-0.129639
-0.131676
-0.133302
-0.134605
-0.135627
-0.136842
-0.137147
-0.138070
-0.140015
-0.142608
-0.143043
-0.145332
-0.148146
-0.149074
-0.151317
-0.152468
-0.155255
-0.156321
-0.157984
-0.159167
-0.160164
-0.161054
-0.161516
-0.162428
-0.163770
-0.165825
-0.166651
-0.169800
-0.172979
-0.173425
-0.176541
-0.177146
-0.179569
-0.181028
-0.182994
-0.184982
-0.187275
-0.188266
-0.190316
-0.191444
-0.192682
-0.193357
-0.194115
-0.195086
-0.195889
-0.197661
-0.201560
-0.202531
-0.206940
-0.208164
-0.210100
-0.214634
-0.218692
-0.219859
-0.221397
-0.225222
-0.229888
-0.231839
-0.234635
-0.238579
-0.241463
-0.244677
-0.249181
-0.251061
-0.253904
-0.254865
-0.257777
-0.259953
-0.265184
-0.268461
-0.271991
-0.274349
-0.275559
-0.281277
-0.285527
-0.288975
-0.293391
-0.297398
-0.302423
-0.304351
-0.305556
-0.308329
-0.310132
-0.313816
-0.319294
-0.321703
-0.323490
-0.327197
-0.332237
-0.333438
-0.340111
-0.345889
-0.349358
-0.351900
-0.356171
-0.357598
-0.364134
-0.367421
-0.371361
-0.373388
-0.380096
-0.387101
-0.393245
-0.399332
-0.400670
-0.402966
-0.410867
-0.414285
-0.418721
-0.426463
-0.429074
-0.431150
-0.433907
-0.438020
-0.446372
-0.448566
-0.453875
-0.456810
-0.461241
-0.467604
-0.472976
-0.475570
-0.480731
-0.484744
-0.494069
-0.499023
-0.509008
-0.513436
-0.519277
-0.525300
-0.535987
-0.544886
-0.550167
-0.556194
-0.559696
-0.566064
-0.573785
-0.580675
-0.586085
-0.590183
-0.602786
-0.614618
-0.623128
-0.627112
-0.634450
-0.646012
-0.656903
-0.662311
-0.670287
-0.677636
-0.684847
-0.693383
-0.700132
-0.714743
-0.726001
-0.731933
-0.740895
-0.750140
-0.762401
-0.770944
-0.777039
-0.791194
-0.798135
-0.811037
-0.826358
-0.837286
-0.852845
-0.862196
-0.874673
-0.885279
-0.896309
-0.914799
-0.930293
-0.938831
-0.951443
-0.963784
-0.979126
-0.990544
-1.005823
-1.026238
-1.046617
-1.057538
-1.070780
-1.080845
-1.100241
-1.111277
-1.130612
-1.149525
-1.160521
-1.180308
-1.202358
-1.214288
-1.231838
-1.250887
-1.267690
-1.286357
-1.304251
-1.319019
-1.333720
-1.352676
-1.372268
-1.400951
-1.426899
-1.452779
-1.475818
-1.496563
-1.519652
-1.546680
-1.564277
-1.589056
-1.613580
-1.646192
-1.676854
-1.704417
-1.723518
-1.741754
-1.762787
-1.785204
-1.812711
-1.835684
-1.867966
-1.902790
-1.940800
-1.960011
-1.993037
-2.020504
-2.056226
-2.090151
-2.120882
-2.143650
-2.172802
-2.212965
-2.237629
-2.274752
-2.306022
-2.343852
-2.387767
-2.414646
-2.443852
-2.472860
-2.519049
-2.567370
-2.601449
-2.630523
-2.665050
-2.711962
-2.762821
-2.796540
-2.828236
-2.865132
