-2.908824
0.000000
0.000000
0.000000
0.000000
0.000000
0.000000
0.000000
0.000000
0.000000
0.000000
0.000000
0.000000
0.000000
0.000000
0.000000
0.000000
0.000000
0.000000
0.000000
0.000000
0.000000
0.000000
0.000000
0.000000
0.000000
0.000000
0.000000
0.000000
0.000000
0.000000
0.000000
0.000000
0.000000
0.000000
0.000000
0.000000
0.000000
0.000000
0.000000
0.000000
0.000000
0.000000
0.000000
0.000000
0.000000
0.000000
0.000000
0.000000
0.000000
0.000000
0.000000
0.000000
0.000000
0.000000
0.000000
0.000000
0.000000
0.000000
0.000000
0.000000
0.000000
0.000000
0.000000
0.000000
0.000000
0.000000
0.000000
0.000000
0.000000
0.000000
0.000000
0.000000
0.000000
0.000000
0.000000
0.000000
0.000000
0.000000
0.000000
0.000000
0.000000
0.000000
0.000000
0.000000
0.000000
0.000000
0.000000
0.000000
0.000000
0.000000
0.000000
0.000000
0.000000
0.000000
0.000000
0.000000
0.000000
0.000000
0.000000
0.000000
0.000000
0.000000
0.000000
0.000000
0.000000
0.000000
0.000000
0.000000
0.000000
0.000000
0.000000
0.000000
0.000000
0.000000
0.000000
0.000000
0.000000
0.000000
0.000000
0.000000
0.000000
0.000000
0.000000
0.000000
0.000000
0.000000
0.000000
0.000000
0.000000
0.000000
0.000000
0.000000
0.000000
0.000000
0.000000
0.000000
0.000000
0.000000
0.000000
0.000000
0.000000
0.000000
0.000000
0.000000
0.000000
0.000000
0.000000
0.000000
0.000000
0.000000
0.000000
0.000000
0.000000
0.000000
0.000000
0.000000
0.000000
0.000000
0.000000
0.000000
0.000000
0.000000
0.000000
0.000000
0.000000
0.000000
0.000000
0.000000
0.000000
0.000000
0.000000
0.000000
0.000000
0.000000
0.000000
0.000000
0.000000
0.000000
0.000000
0.000000
0.000000
0.000000
0.000000
0.050000
0.050000
0.050000
0.050000
0.050000
0.050000
0.050000
0.003698
-0.028548
-0.028785
-0.051340
-0.046513
-0.050246
-0.076599
-0.065243
-0.084224
-0.106433
-0.122596
-0.139212
-0.162390
-0.163165
-0.178872
-0.189666
-0.206732
-0.205358
-0.208002
-0.206239
-0.218172
-0.228582
-0.217709
-0.199507
-0.206410
-0.192979
-0.178909
-0.193763
-0.171405
-0.176299
-0.180679
-0.191646
-0.213926
-0.202303
-0.196115
-0.190783
-0.203165
-0.220409
-0.192988
-0.171236
-0.169864
-0.153821
-0.160702
-0.162012
-0.180089
-0.178317
-0.155836
-0.130561
-0.153695
-0.160882
-0.138046
-0.139418
-0.132278
-0.110097
-0.132974
-0.155116
-0.136002
-0.110555
-0.132833
-0.124728
-0.121724
-0.105759
-0.114138
-0.115982
-0.104392
-0.084473
-0.079282
-0.085315
-0.095497
-0.108263
-0.110003
-0.111747
-0.122724
-0.118518
-0.126590
-0.121230
-0.142303
-0.152233
-0.125240
-0.100441
-0.102026
-0.101455
-0.105521
-0.086361
-0.106566
-0.120606
-0.094792
-0.098307
-0.087908
-0.092139
-0.071443
-0.087554
-0.096368
-0.111137
-0.121523
-0.101450
-0.094472
-0.074787
-0.088090
-0.095472
-0.086500
-0.082932
-0.062905
-0.066284
-0.044762
-0.060877
-0.078025
-0.063829
-0.083816
-0.062729
-0.073038
-0.059408
-0.060650
-0.059482
-0.049615
-0.042230
-0.035714
-0.017330
0.005092
-0.010247
0.002662
-0.009836
0.005929
0.010231
0.033589
0.015169
0.016200
0.014871
0.004625
0.010402
0.020830
0.035095
0.044186
0.039163
0.038553
0.053838
0.029413
0.042745
0.027018
0.027455
0.042154
0.060397
0.040487
0.029577
0.031995
0.020076
0.043642
0.027936
0.037186
0.031893
0.024981
0.025083
0.031799
0.035146
0.015431
0.009537
-0.006839
-0.011158
-0.003360
-0.002435
-0.003996
-0.019706
-0.022641
-0.027207
0.007589
0.006105
0.015805
0.020797
0.053446
0.083290
0.086445
0.065710
0.065281
0.066689
0.073211
0.065452
0.089655
0.085364
0.068863
0.078167
0.072979
0.089635
0.109830
0.111243
0.092326
0.097210
0.090919
0.075354
0.077243
0.069433
0.086323
0.103178
0.104442
0.101521
0.100984
0.093446
0.083379
0.105482
0.103937
0.105042
0.108259
0.089724
0.097405
0.127460
0.136686
0.121074
0.142361
0.155391
0.138123
0.158961
0.160336
0.153666
0.137337
0.136974
0.153581
0.146498
0.163803
0.151254
0.167747
0.165450
0.166878
0.163860
0.156093
0.153361
0.134276
0.134132
0.126415
0.117552
0.131048
0.120248
0.105375
0.110726
0.126424
0.132453
0.120582
0.123219
0.132297
0.164313
0.187916
0.172336
0.166042
0.156826
0.182338
0.180174
0.164669
0.161930
0.182885
0.176109
0.186124
0.211694
0.193896
0.175712
0.162996
0.173983
0.198166
0.206192
0.230391
0.223105
0.213145
0.226298
0.204349
0.183452
0.165769
0.178286
0.171176
0.175708
0.194617
0.217993
0.234471
0.240746
0.218076
0.225143
0.251743
0.249730
0.255149
0.240228
0.255446
0.277480
0.262069
0.253533
0.230223
0.236986
0.239416
0.236805
0.253265
0.235541
0.240875
0.225917
0.226762
0.204802
0.214994
0.198400
0.215229
0.225024
0.220859
0.232371
0.234111
0.243221
0.237624
0.242309
0.246637
0.225240
0.212513
0.222835
0.217109
0.201635
0.204821
0.225190
0.213221
0.203288
0.223996
0.248824
0.226894
0.234094
0.245755
0.238923
0.234095
0.255209
0.231655
0.230163
0.231958
0.241454
0.257835
0.234588
0.235707
0.245553
0.246398
0.259868
0.239992
0.224266
0.221246
0.201640
0.207100
0.231752
0.244134
0.234173
0.254072
0.237861
0.251525
0.259321
0.276503
0.278113
0.288779
0.307207
0.280825
0.292047
0.302584
0.280888
0.264712
0.243985
0.235530
0.217638
0.211410
0.189881
0.214239
0.230741
0.234980
0.227158
0.225900
0.229191
0.220524
0.229153
0.242213
0.238406
0.252354
0.237891
0.235544
0.215553
0.227810
0.211358
0.202445
0.216450
0.232900
0.207125
0.226291
0.241453
0.221103
0.225927
0.227056
0.240233
0.230163
0.239087
0.218804
0.222704
0.239061
0.230571
0.226808
0.203548
0.217270
0.209082
0.220374
0.204654
0.220377
0.206097
0.225676
0.215919
0.191951
0.199905
0.216708
0.197348
0.196056
0.175944
0.172318
0.175652
0.180945
0.202342
0.192133
0.188848
0.195728
0.214476
0.190772
0.190843
0.167582
0.141073
0.147047
0.154612
0.150179
0.152794
0.157670
0.139996
0.135844
0.109597
0.106333
0.108225
0.130685
0.138659
0.154591
0.174636
0.170771
0.154335
0.164957
0.136880
0.125378
0.127687
0.148997
0.125807
0.112851
0.105713
0.080723
0.075768
0.087649
0.072314
0.060787
0.056349
0.054242
0.071530
0.063596
0.068287
0.087529
0.100506
0.116554
0.127173
0.109418
0.122164
0.134879
0.127137
0.107551
0.126032
0.141039
0.147443
0.151951
0.146653
0.140957
0.141790
0.143487
0.133784
0.109553
0.120124
0.103857
0.107976
0.077955
0.066867
0.069380
0.049946
0.073548
0.068618
0.070305
0.060094
0.050332
0.027486
0.025791
0.038220
0.023994
0.004459
0.005631
-0.012847
-0.029621
-0.009731
0.015908
0.028301
0.005259
0.026623
0.046039
0.050121
0.023720
0.030378
0.040763
0.030279
0.045999
0.052020
0.059170
0.071656
0.047293
0.060198
0.047897
0.033466
0.011563
0.024185
0.027941
0.028715
0.019501
0.018436
-0.003894
0.008842
-0.002011
0.016429
0.036888
0.032711
0.036016
0.040941
0.053612
0.031882
0.038024
0.056975
0.057864
0.029325
0.030793
0.002229
-0.022342
-0.036964
-0.043366
-0.056652
-0.074741
-0.079328
-0.068054
-0.049547
-0.049270
-0.048134
-0.030915
-0.023144
-0.004371
0.005914
0.002662
0.009690
-0.013595
-0.010395
-0.029093
-0.036289
-0.013901
-0.027532
-0.027577
-0.013115
-0.032709
-0.010728
0.003860
-0.018925
-0.037535
-0.015133
-0.032360
-0.041296
-0.029757
-0.026359
-0.029907
-0.039138
-0.044611
-0.067097
-0.077622
-0.068445
-0.047355
-0.066486
-0.052697
-0.029285
-0.040467
-0.029316
-0.037265
-0.017360
-0.027266
-0.027757
-0.036217
-0.047854
-0.060996
-0.080774
-0.092686
-0.096998
-0.089696
-0.102060
-0.078195
-0.054086
-0.073604
-0.052968
-0.070364
-0.061071
-0.065984
-0.063900
-0.061639
-0.055335
-0.068210
-0.066253
-0.077271
-0.086898
-0.104179
-0.120055
-0.132603
-0.147119
-0.148438
-0.121509
-0.134046
-0.102625
-0.113175
-0.115650
-0.085307
-0.061992
-0.079399
-0.093004
-0.078242
-0.053457
-0.062112
-0.060951
-0.046257
-0.044449
-0.039238
-0.019463
-0.030338
-0.030705
-0.052228
-0.051893
-0.059463
-0.033711
-0.029617
-0.023687
-0.030670
-0.050028
-0.022010
-0.009445
-0.006301
0.006035
0.013654
0.030686
0.016227
-0.005867
-0.012232
-0.027522
-0.024670
-0.004720
-0.014281
-0.030344
-0.028424
-0.014163
-0.035225
-0.007568
0.012033
0.009758
-0.001498
0.002154
-0.018582
0.004008
-0.000755
-0.001064
-0.017319
0.004732
0.029054
0.044930
0.058894
0.034226
0.016636
0.043309
0.035350
0.033975
0.057482
0.041930
0.021489
0.006610
0.002243
0.028659
0.010509
0.013389
-0.000069
-0.003356
0.006865
0.009940
-0.006485
-0.005902
-0.012638
0.015227
0.014121
0.044020
0.037653
0.038839
0.041022
0.071644
0.090274
0.085015
0.083239
0.066234
0.066146
0.074232
0.076954
0.070431
0.056071
0.089731
0.118606
0.126887
0.108736
0.108345
0.130889
0.149017
0.136656
0.136758
0.133663
0.129467
0.131723
0.124719
0.156280
0.170605
0.157105
0.157433
0.159169
0.174603
0.171862
0.156807
0.178554
0.167332
0.181728
0.206551
0.210561
0.233161
0.227989
0.234862
0.233403
0.232986
0.262883
0.279454
0.265959
0.267862
0.268647
0.280562
0.276508
0.286348
0.315052
0.342115
0.331961
0.328987
0.314411
0.333151
0.321878
0.338714
0.353602
0.339912
0.355217
0.377744
0.365201
0.369974
0.379423
0.380806
0.387178
0.390453
0.383263
0.375439
0.380376
0.386874
0.419281
0.442281
0.462920
0.473726
0.476677
0.485156
0.503575
0.495401
0.505400
0.514287
0.543084
0.565367
0.577892
0.567856
0.555104
0.549323
0.546981
0.556362
0.554498
0.573233
0.596744
0.625574
0.611227
0.625811
0.628099
0.646714
0.660580
0.666592
0.655662
0.657077
0.679700
0.671654
0.686282
0.689472
0.703759
0.727994
0.720887
0.717131
0.713065
0.737496
0.764355
0.766578
0.759991
0.761793
0.782101
0.807165
0.805684
0.800682
0.802867
