-0.001088
0.000000
0.000000
0.000000
0.000000
0.000000
0.000000
0.000000
0.000000
0.000000
0.000000
0.000000
0.000000
0.000000
0.000000
0.000000
0.000000
0.000000
0.000000
0.000000
0.000000
0.000000
0.000000
0.000000
0.000000
0.000000
0.000000
0.000000
0.000000
0.000000
0.000000
0.000000
0.000000
0.000000
0.000000
0.000000
0.000000
0.000000
0.000000
0.000000
0.000000
0.000000
0.000000
0.000000
0.000000
0.000000
0.000000
0.000000
0.000000
0.000000
0.000000
0.000000
0.000000
0.000000
0.000000
0.000000
0.000000
0.000000
0.000000
0.000000
0.000000
0.000000
0.000000
0.000000
0.000000
0.000000
0.000000
0.000000
0.000000
0.000000
0.000000
0.000000
0.000000
0.000000
0.000000
0.000000
0.000000
0.000000
0.000000
0.000000
0.000000
0.000000
0.000000
0.000000
0.000000
0.000000
0.000000
0.000000
0.000000
0.000000
0.000000
0.000000
0.000000
0.000000
0.000000
0.000000
0.000000
0.000000
0.000000
0.000000
0.000000
0.000000
0.000000
0.000000
0.000000
0.000000
0.000000
0.000000
0.000000
0.000000
0.000000
0.000000
0.000000
0.000000
0.000000
0.000000
0.000000
0.000000
0.000000
0.000000
0.000000
0.000000
0.000000
0.000000
0.000000
0.000000
0.000000
0.000000
0.000000
0.000000
0.000000
0.000000
0.000000
0.000000
0.000000
0.000000
0.000000
0.000000
0.000000
0.000000
0.000000
0.000000
0.000000
0.000000
0.000000
0.000000
0.000000
0.000000
0.000000
0.000000
0.000000
0.000000
0.000000
0.000000
0.000000
0.000000
0.000000
0.000000
0.000000
0.000000
0.000000
0.000000
0.000000
0.000000
0.000000
0.000000
0.000000
0.000000
0.000000
0.000000
0.000000
0.000000
0.000000
0.000000
0.000000
0.000000
0.000000
0.000000
0.000000
0.000000
0.000000
0.000000
0.000000
0.000000
0.050000
0.050000
0.050000
0.050000
0.050000
0.050000
0.050442
0.050883
0.051329
0.051778
0.052232
0.052689
0.053150
0.053616
0.054085
0.054559
0.055036
0.055518
0.056004
0.056494
0.056989
0.057487
0.057990
0.058498
0.059010
0.059526
0.060047
0.060573
0.061103
0.061637
0.062176
0.062720
0.063269
0.063822
0.064381
0.064944
0.065512
0.066085
0.066663
0.067246
0.067834
0.068427
0.069025
0.069629
0.070237
0.070851
0.071471
0.072095
0.072726
0.073361
0.074002
0.074649
0.075301
0.075959
0.076623
0.077292
0.077967
0.078648
0.079335
0.080028
0.080726
0.081431
0.082142
0.082859
0.083583
0.084312
0.085048
0.085790
0.086539
0.087294
0.088056
0.088824
0.089599
0.090381
0.091169
0.091964
0.092766
0.093575
0.094391
0.095214
0.096044
0.096882
0.097726
0.098578
0.099437
0.100304
0.101178
0.102060
0.102949
0.103846
0.104751
0.105663
0.106584
0.107512
0.108449
0.109393
0.110346
0.111307
0.112276
0.113254
0.114240
0.115235
0.116238
0.117250
0.118270
0.119300
0.120338
0.121386
0.122442
0.123508
0.124582
0.125667
0.126760
0.127863
0.128976
0.130098
0.131230
0.132371
0.133523
0.134685
0.135856
0.137038
0.138230
0.139432
0.140645
0.141868
0.143102
0.144347
0.145602
0.146869
0.148146
0.149434
0.150734
0.152045
0.153367
0.154701
0.156046
0.157403
0.158772
0.160152
0.161545
0.162950
0.164367
0.165796
0.167238
0.168692
0.170159
0.171638
0.173131
0.174636
0.176155
0.177686
0.179231
0.180790
0.182362
0.183948
0.185547
0.187160
0.188788
0.190430
0.192085
0.193756
0.195440
0.197140
0.198854
0.200583
0.202327
0.204086
0.205861
0.207651
0.209456
0.211277
0.213114
0.214967
0.216836
0.218722
0.220623
0.222541
0.224476
0.226427
0.228396
0.230381
0.232384
0.234404
0.236441
0.238496
0.240569
0.242660
0.244769
0.246896
0.249041
0.251205
0.253387
0.255588
0.257809
0.260048
0.262306
0.264584
0.266882
0.269199
0.271536
0.273893
0.276270
0.278668
0.281085
0.283524
0.285983
0.288464
0.290965
0.293487
0.296031
0.298597
0.301184
0.303793
0.306424
0.309077
0.311752
0.314450
0.317171
0.319914
0.322680
0.325470
0.328282
0.331118
0.333977
0.336860
0.339767
0.342698
0.345655
0.348634
0.351637
0.354665
0.357718
0.360796
0.363899
0.367027
0.370180
0.373359
0.376563
0.379793
0.383048
0.386330
0.389637
0.392971
0.396331
0.399718
0.403131
0.406571
0.410038
0.413532
0.417053
0.420602
0.424177
0.427781
0.431412
0.435070
0.438757
0.442471
0.446213
0.449984
0.453783
0.457611
0.461467
0.465352
0.469265
0.473207
0.477178
0.481181
0.485218
0.489288
0.493393
0.497533
0.501707
0.505916
0.510162
0.514443
0.518759
0.523110
0.527499
0.531925
0.536388
0.540888
0.545425
0.550003
0.554618
0.559271
0.563963
0.568694
0.573465
0.578276
0.583127
0.588020
0.592953
0.597928
0.602944
0.608004
0.613104
0.618248
0.623435
0.628665
0.633940
0.639259
0.644622
0.650030
0.655484
0.660983
0.666529
0.672121
0.677758
0.683444
0.689179
0.694960
0.700791
0.706670
0.712599
0.718578
0.724606
0.730686
0.736817
0.742999
0.749233
0.755519
0.761859
0.768251
0.774699
0.781197
0.787751
0.794360
0.801025
0.807747
0.814523
0.821357
0.828249
0.835198
0.842206
0.849272
0.856397
0.863582
0.870827
0.878134
0.885503
0.892934
0.900426
0.907982
0.915600
0.923284
0.931033
0.938847
0.946728
0.954678
0.962697
0.970785
0.978933
0.987138
0.995412
1.003757
1.012175
1.020666
1.029228
1.037862
1.046569
1.055352
1.064208
1.073138
1.082142
1.091222
1.100377
1.109609
1.118921
1.128308
1.137776
1.147324
1.156951
1.166659
1.176447
1.186320
1.196274
1.206312
1.216436
1.226644
1.236935
1.247317
1.257786
1.268339
1.278983
1.289717
1.300541
1.311455
1.322462
1.333557
1.344749
1.356036
1.367416
1.378891
1.390461
1.402132
1.413899
1.425767
1.437731
1.449799
1.461966
1.474238
1.486610
1.499084
1.511667
1.524357
1.537149
1.550051
1.563058
1.576177
1.589407
1.602748
1.616204
1.629769
1.643448
1.657244
1.671157
1.685181
1.699327
1.713588
1.727968
1.742474
1.757102
1.771851
1.786725
1.801724
1.816846
1.832097
1.847473
1.862981
1.878621
1.894395
1.910300
1.926340
1.942515
1.958822
1.975264
1.991849
2.008567
2.025428
2.042433
2.059584
2.076872
2.094306
2.111889
2.129615
2.147495
2.165528
2.183707
2.202039
2.220527
2.239171
2.257976
2.276934
2.296052
2.315336
2.334780
2.354391
2.374163
2.394096
2.414203
2.434479
2.454921
2.475532
2.496325
2.517291
2.538433
2.559752
2.581248
2.602925
2.624786
2.646831
2.669058
2.691469
2.714077
2.736868
2.759856
2.783028
2.806401
2.829973
2.853738
2.877714
2.901884
2.926260
2.950837
2.975621
3.000610
3.025814
3.051236
3.076862
3.102703
3.128768
3.155045
3.181544
3.208278
3.235238
3.262421
3.289822
3.317468
3.345346
3.373454
3.401788
3.430372
3.459197
3.488258
3.517573
3.547132
3.576939
3.607000
3.637301
3.667871
3.698688
3.729764
3.761099
3.792711
3.824585
3.856726
3.889135
3.921819
3.954771
3.988014
4.021527
4.055334
4.089427
4.123798
4.158461
4.193417
4.228672
4.264208
4.300056
4.336212
4.372665
4.409412
4.446482
4.483851
4.521536
4.559543
4.597873
4.636524
4.675497
4.714806
4.754453
4.794438
4.834752
4.875406
4.916412
4.957758
4.999460
5.041509
5.083906
5.126667
5.169773
5.213256
5.257095
5.301310
5.345913
5.390874
5.436222
5.481961
5.528067
5.574586
5.621494
5.668777
5.716462
5.764573
5.813068
5.861978
5.911313
5.961060
6.011224
6.061809
6.112823
6.164259
6.216138
6.268468
6.321248
6.374450
6.428123
6.482257
6.536827
6.591874
6.647374
6.703362
6.759806
6.816733
6.874138
6.932027
6.990407
7.049277
7.108654
7.168540
7.228944
7.289848
7.351294
7.413265
7.475728
7.538749
7.602280
7.666367
7.730992
7.796170
7.861902
7.928197
7.995040
8.062462
8.130450
8.199017
8.268163
8.337900
8.408236
8.479173
8.550725
8.622913
8.695682
8.769100
8.843108
8.917744
8.993042
9.068972
9.145586
9.222833
9.300738
9.379283
9.458434
9.538245
9.618726
9.699859
9.781673
9.864182
9.947351
10.031236
10.115795
10.201084
10.287063
10.373796
10.461226
10.549412
10.638327
10.727982
10.818438
10.909616
11.001580
11.094343
11.187886
11.282245
11.377371
11.473310
11.570063
11.667594
11.765963
11.865165
11.965168
12.066034
12.167763
12.270345
12.373746
12.478109
12.583313
12.689413
12.796427
12.904364
13.013160
13.122947
13.233588
13.345208
13.457739
13.571281
13.685762
13.801233
13.917719
14.035154
14.153618
14.273118
14.393543
14.515044
14.637604
14.761132
14.885739
15.011383
15.138074
15.265868
15.394653
15.524617
15.655616
15.787750
15.921003
16.055365
16.190844
16.327510
16.465287
16.604303
16.744423
16.885850
17.028395
17.172223
17.317259
17.463590
17.611140
17.759949
17.910066
18.061411
18.214075
18.368017
18.523253
18.679799
18.837659
18.996964
19.157578
19.319577
19.482944
19.647763
19.814002
19.981640
20.150670
20.321211
20.493161
20.666569
20.841460
21.017798
21.195755
21.375153
21.556066
21.738593
21.922640
22.108295
22.295471
22.484235
22.674715
22.866663
23.060385
23.255757
23.452752
23.651555
23.851953
24.054157
24.258033
24.463662
24.671151
24.880348
25.091283
25.304117
25.518714
25.735184
25.953423
26.173607
26.395730
26.619760
26.845606
27.073477
27.303193
27.535003
27.768589
28.004345
28.242053
28.481678
28.723523
28.967409
29.213216
29.461262
29.711389
29.963596
30.217988
30.474509
30.733152
30.993976
31.257048
31.522318
31.789997
32.059889
32.332138
32.606684
32.883544
33.162798
33.444470
33.728339
34.014771
34.303562
34.594945
34.888744
35.185010
35.483640
35.784769
36.088422
36.394581
36.703863
37.016444
37.332555
37.651930
37.974889
38.300931
38.630554
38.963478
39.299962
39.639836
39.983003
40.329449
40.679458
41.032994
41.389593
41.749911
42.113493
42.480611
42.851222
43.224896
43.602020
43.982482
44.366645
44.754191
45.144867
45.538859
45.936317
46.337336
46.741777
47.149294
47.560182
47.974517
