0.017760
57.000000
57.000000
57.000000
57.000000
57.000000
57.000000
57.000000
57.000000
57.000000
57.000000
57.000000
57.000000
57.000000
57.000000
57.000000
57.000000
57.000000
57.000000
57.000000
57.000000
57.000000
57.000000
57.000000
57.000000
57.000000
57.000000
57.000000
57.000000
57.000000
57.000000
57.000000
57.000000
57.000000
57.000000
57.000000
57.000000
57.000000
57.000000
57.000000
57.000000
57.000000
57.000000
57.000000
57.000000
57.000000
57.000000
57.000000
57.000000
57.000000
57.000000
57.000000
57.000000
57.000000
57.000000
57.000000
57.000000
57.000000
57.000000
57.000000
57.000000
57.000000
57.000000
57.000000
57.000000
57.000000
57.000000
57.000000
57.000000
57.000000
57.000000
57.000000
57.000000
57.000000
57.000000
57.000000
57.000000
57.000000
57.000000
57.000000
57.000000
57.000000
57.000000
57.000000
57.000000
57.000000
57.000000
57.000000
57.000000
57.000000
57.000000
57.000000
57.000000
57.000000
57.000000
57.000000
57.000000
57.000000
57.000000
57.000000
57.000000
57.000000
57.000000
57.000000
57.000000
57.000000
57.000000
57.000000
57.000000
57.000000
57.000000
57.000000
57.000000
57.000000
57.000000
57.000000
57.000000
57.000000
57.000000
57.000000
57.000000
57.000000
57.000000
57.000000
57.000000
57.000000
57.000000
57.000000
57.000000
57.000000
57.000000
57.000000
57.000000
57.000000
57.000000
57.000000
57.000000
57.000000
57.000000
57.000000
57.000000
57.000000
57.000000
57.000000
57.000000
57.000000
57.000000
57.000000
57.000000
57.000000
57.000000
57.000000
57.000000
57.000000
57.000000
57.000000
57.000000
57.000000
57.000000
57.000000
57.000000
57.000000
57.000000
57.000000
57.000000
57.000000
57.000000
57.000000
57.000000
57.000000
57.000000
57.000000
57.000000
57.000000
57.000000
57.000000
57.000000
57.000000
57.000000
57.000000
57.000000
57.000000
57.000000
57.000000
56.900344
56.900303
56.900208
56.900037
56.899769
56.899388
56.898893
56.897931
56.896609
56.893569
56.891956
56.891380
56.890142
56.888442
56.885922
56.883861
56.880182
56.877078
56.874213
56.870994
56.868244
56.865968
56.864423
56.863405
56.861727
56.858681
56.855086
56.851897
56.849777
56.847073
56.844594
56.842296
56.840860
56.838223
56.835847
56.833462
56.829396
56.824199
56.820205
56.817841
56.813064
56.809762
56.806960
56.804322
56.799180
56.796286
56.790957
56.786120
56.781852
56.778699
56.773240
56.770056
56.765608
56.760586
56.756811
56.753087
56.748382
56.745255
56.739712
56.736287
56.731471
56.727003
56.722731
56.719320
56.714492
56.709050
56.705365
56.699818
56.695128
56.690797
56.685461
56.682177
56.677519
56.674036
56.670017
56.666383
56.662691
56.657539
56.653490
56.649593
56.644696
56.639640
56.636241
56.631689
56.627727
56.623566
56.619730
56.616104
56.611932
56.608434
56.604033
56.600226
56.596924
56.592708
56.588681
56.584748
56.581139
56.577404
56.574526
56.571584
56.568634
56.565694
56.562550
56.559795
56.557231
56.554730
56.551947
56.548872
56.546527
56.543519
56.541303
56.538764
56.536519
56.534014
56.532019
56.529821
56.528004
56.526342
56.524414
56.522544
56.520622
56.518895
56.517391
56.516159
56.514612
56.513285
56.512037
56.510907
56.509915
56.508771
56.507826
56.507003
56.506230
56.505464
56.504802
56.504047
56.503437
56.502900
56.502348
56.501892
56.501557
56.501184
56.500867
56.500639
56.500431
56.500277
56.500144
56.500034
56.499937
56.499906
56.499878
56.499852
56.499854
56.499826
56.499839
56.499827
56.499824
56.499815
56.499787
56.499731
56.499646
56.499567
56.499429
56.499273
56.499027
56.498751
56.498424
56.498028
56.497585
56.497062
56.496432
56.495673
56.494844
56.493900
56.492777
56.491469
56.490198
56.488752
56.487114
56.485218
56.483200
56.481110
56.479107
56.476663
56.474262
56.471414
56.468528
56.464860
56.461185
56.457605
56.453202
56.449292
56.445031
56.440240
56.435152
56.429644
56.423602
56.416971
56.410191
56.403243
56.395817
56.388146
56.380488
56.372465
56.362752
56.353450
56.342867
56.333162
56.322787
56.311511
56.298509
56.286856
56.274967
56.261151
56.247882
56.232563
56.216098
56.201246
56.184826
56.166429
56.148669
56.130428
56.111420
56.092260
56.070238
56.047732
56.024955
56.001819
55.980197
55.954486
55.931551
55.904256
55.875487
55.848133
55.822175
55.791481
55.759493
55.727743
55.694177
55.659241
55.624593
55.589867
55.551813
55.515185
55.478708
55.440143
55.403136
55.364621
55.322553
55.278199
55.234057
55.186223
55.144466
55.096108
55.047915
54.999997
54.948296
54.901589
54.848879
54.793511
54.737136
54.686868
54.626114
54.572763
54.514729
54.499359
54.499341
54.499359
54.499376
54.499390
54.499373
54.499376
54.499367
54.499344
54.499316
54.499295
54.499284
54.499302
54.499291
54.499260
54.499257
54.499247
54.499257
54.499237
54.499211
54.499221
54.499225
54.499243
54.499232
54.499224
54.499222
54.499200
54.499213
54.499203
54.499213
54.499207
54.499223
54.499208
54.499219
54.499197
54.499182
54.499180
54.499163
54.499156
54.499141
54.499141
54.499131
54.499121
54.499136
54.499143
54.499127
54.499127
54.499136
54.499127
54.499100
54.499106
54.499110
54.499083
54.499052
54.499067
54.499054
54.499036
54.499036
54.499034
54.499006
54.499023
54.499018
54.499009
54.498993
54.498970
54.498986
54.498978
54.498961
54.498953
54.498932
54.498945
54.498953
54.498949
54.498961
54.498948
54.498915
54.498895
54.498898
54.498870
54.498878
54.498856
54.498841
54.498815
54.498805
54.498786
54.498760
54.498778
54.498758
54.498739
54.498752
54.498760
54.498772
54.498772
54.498781
54.498778
54.498791
54.498757
54.498731
54.498718
54.498717
54.498708
54.498696
54.498695
54.498676
54.498654
54.498648
54.498624
54.498628
54.498620
54.498630
54.498608
54.498614
54.498613
54.498588
54.498561
54.498576
54.498546
54.498520
54.498530
54.498514
54.498501
54.498477
54.498476
54.498455
54.498464
54.498449
54.498420
54.498417
54.498409
54.498421
54.498395
54.498391
54.498367
54.498370
54.498342
54.498344
54.498311
54.498308
54.498320
54.498298
54.498268
54.498275
54.498263
54.498269
54.498259
54.498242
54.498223
54.498188
54.498184
54.498173
54.498152
54.498118
54.498128
54.498113
54.498122
54.498134
54.498112
54.498090
54.498079
54.498061
54.498040
54.498043
54.498031
54.498042
54.498029
54.498011
54.497972
54.497947
54.497914
54.497877
54.497864
54.497864
54.497836
54.497847
54.497841
54.497821
54.497782
54.497787
54.497782
54.497771
54.497778
54.497765
54.497734
54.497731
54.497724
54.497709
54.497692
54.497655
54.497643
54.497619
54.497579
54.497546
54.497509
54.497478
54.497475
54.497442
54.497408
54.497394
54.497393
54.497353
54.497315
54.497287
54.497260
54.497243
54.497227
54.497203
54.497178
54.497165
54.497167
54.497133
54.497126
54.497098
54.497104
54.497091
54.497064
54.497060
54.497011
54.496991
54.496964
54.496949
54.496933
54.496931
54.496906
54.496867
54.496855
54.496849
54.496821
54.496812
54.496802
54.496754
54.496700
54.496659
54.496655
54.496604
54.496555
54.496522
54.496520
54.496484
54.496443
54.496424
54.496377
54.496341
54.496303
54.496259
54.496252
54.496207
54.496188
54.496171
54.496161
54.496115
54.496079
54.496045
54.496021
54.495988
54.495977
54.495930
54.495906
54.495852
54.495796
54.495765
54.495725
54.495684
54.495635
54.495620
54.495577
54.495520
54.495481
54.495473
54.495433
54.495424
54.495411
54.495387
54.495354
54.495328
54.495307
54.495271
54.495218
54.495158
54.495116
54.495073
54.495013
54.494962
54.494900
54.494846
54.494805
54.494754
54.494734
54.494686
54.494660
54.494622
54.494553
54.494521
54.494474
54.494412
54.494385
54.494314
54.494250
54.494225
54.494196
54.494123
54.494091
54.494050
54.493987
54.493932
54.493884
54.493842
54.493795
54.493766
54.493723
54.493660
54.493583
54.493549
54.493479
54.493399
54.493355
54.493286
54.493237
54.493159
54.493111
54.493053
54.493003
54.492956
54.492910
54.492870
54.492822
54.492765
54.492695
54.492646
54.492557
54.492468
54.492424
54.492338
54.492291
54.492215
54.492154
54.492085
54.492015
54.491940
54.491885
54.491813
54.491755
54.491695
54.491643
54.491588
54.491529
54.491472
54.491400
54.491297
54.491236
54.491127
54.491062
54.490988
54.490878
54.490774
54.490714
54.490649
54.490552
54.490444
54.490372
54.490288
54.490189
54.490103
54.490013
54.489906
54.489832
54.489746
54.489682
54.489593
54.489512
54.489395
54.489300
54.489202
54.489118
54.489046
54.488922
54.488814
54.488716
54.488606
54.488501
54.488385
54.488302
54.488227
54.488134
54.488050
54.487945
54.487820
54.487727
54.487641
54.487533
54.487412
54.487328
54.487189
54.487059
54.486951
54.486853
54.486737
54.486648
54.486509
54.486400
54.486284
54.486186
54.486044
54.485898
54.485761
54.485624
54.485530
54.485427
54.485273
54.485157
54.485032
54.484878
54.484768
54.484662
54.484548
54.484422
54.484259
54.484146
54.484008
54.483888
54.483754
54.483605
54.483462
54.483340
54.483198
54.483063
54.482886
54.482742
54.482561
54.482421
54.482270
54.482116
54.481929
54.481754
54.481605
54.481451
54.481313
54.481154
54.480984
54.480819
54.480664
54.480516
54.480311
54.480109
54.479930
54.479781
54.479609
54.479409
54.479212
54.479050
54.478872
54.478696
54.478519
54.478333
54.478157
54.477933
54.477728
54.477555
54.477363
54.477168
54.476955
54.476762
54.476582
54.476356
54.476168
54.475947
54.475711
54.475499
54.475262
54.475058
54.474836
54.474623
54.474407
54.474151
54.473910
54.473704
54.473477
54.473249
54.473005
54.472780
54.472534
54.472263
54.471992
54.471765
54.471527
54.471302
54.471032
54.470798
54.470526
54.470255
54.470018
54.469741
54.469452
54.469207
54.468937
54.468658
54.468388
54.468108
54.467831
54.467565
54.467297
54.467010
54.466719
54.466390
54.466071
54.465752
54.465444
54.465143
54.464832
54.464505
54.464212
54.463891
54.463569
54.463216
54.462869
54.462533
54.462225
54.461918
54.551101
54.697576
54.825007
54.928344
55.067894
55.187195
55.273897
55.391480
55.487901
55.588597
55.664991
55.751093
55.835589
55.902033
55.966659
56.035136
56.095999
56.148141
56.195133
56.235827
56.271471
56.304489
56.337539
56.362442
56.382809
56.400968
56.416184
56.427607
56.436073
56.441670
56.445673
56.447885
56.448552
56.448342
