56.447896
57.000000
57.000000
57.000000
57.000000
57.000000
57.000000
57.000000
57.000000
57.000000
57.000000
57.000000
57.000000
57.000000
57.000000
57.000000
57.000000
57.000000
57.000000
57.000000
57.000000
57.000000
57.000000
57.000000
57.000000
57.000000
57.000000
57.000000
57.000000
57.000000
57.000000
57.000000
57.000000
57.000000
57.000000
57.000000
57.000000
57.000000
57.000000
57.000000
57.000000
57.000000
57.000000
57.000000
57.000000
57.000000
57.000000
57.000000
57.000000
57.000000
57.000000
57.000000
57.000000
57.000000
57.000000
57.000000
57.000000
57.000000
57.000000
57.000000
57.000000
57.000000
57.000000
57.000000
57.000000
57.000000
57.000000
57.000000
57.000000
57.000000
57.000000
57.000000
57.000000
57.000000
57.000000
57.000000
57.000000
57.000000
57.000000
57.000000
57.000000
57.000000
57.000000
57.000000
57.000000
57.000000
57.000000
57.000000
57.000000
57.000000
57.000000
57.000000
57.000000
57.000000
57.000000
57.000000
57.000000
57.000000
57.000000
57.000000
57.000000
57.000000
57.000000
57.000000
57.000000
57.000000
57.000000
57.000000
57.000000
57.000000
57.000000
57.000000
57.000000
57.000000
57.000000
57.000000
57.000000
57.000000
57.000000
57.000000
57.000000
57.000000
57.000000
57.000000
57.000000
57.000000
57.000000
57.000000
57.000000
57.000000
57.000000
57.000000
57.000000
57.000000
57.000000
57.000000
57.000000
57.000000
57.000000
57.000000
57.000000
57.000000
57.000000
57.000000
57.000000
57.000000
57.000000
57.000000
57.000000
57.000000
57.000000
57.000000
57.000000
57.000000
57.000000
57.000000
57.000000
57.000000
57.000000
57.000000
57.000000
57.000000
57.000000
57.000000
57.000000
57.000000
57.000000
57.000000
57.000000
57.000000
57.000000
57.000000
57.000000
57.000000
57.000000
57.000000
57.000000
57.000000
57.000000
57.000000
57.000000
57.000000
57.000000
57.000000
56.900444
56.900403
56.900308
56.900137
56.899869
56.899488
56.898994
56.897940
56.896554
56.893515
56.891857
56.891293
56.890048
56.888296
56.885800
56.883702
56.879979
56.876844
56.873947
56.870682
56.867932
56.865625
56.864059
56.863008
56.861334
56.858284
56.854694
56.851482
56.849342
56.846661
56.844219
56.841909
56.840501
56.837893
56.835488
56.833149
56.829074
56.823869
56.819855
56.817448
56.812695
56.809407
56.806616
56.803955
56.798780
56.795942
56.790657
56.785825
56.781590
56.778424
56.772964
56.769745
56.765302
56.760327
56.756603
56.752834
56.748116
56.745036
56.739492
56.736083
56.731312
56.726800
56.722485
56.719114
56.714338
56.708853
56.705186
56.699646
56.694989
56.690643
56.685305
56.682046
56.677429
56.673958
56.669929
56.666276
56.662560
56.657406
56.653356
56.649438
56.644551
56.639481
56.636094
56.631502
56.627521
56.623416
56.619632
56.616004
56.611835
56.608331
56.603970
56.600125
56.596796
56.592634
56.588602
56.584691
56.581075
56.577383
56.574475
56.571518
56.568540
56.565581
56.562480
56.559740
56.557218
56.554693
56.551897
56.548842
56.546506
56.543540
56.541320
56.538826
56.536551
56.534013
56.532049
56.529813
56.528041
56.526360
56.524462
56.522592
56.520674
56.518969
56.517483
56.516267
56.514758
56.513479
56.512203
56.511101
56.510086
56.508976
56.508043
56.507269
56.506462
56.505701
56.505038
56.504265
56.503670
56.503156
56.502636
56.502201
56.501858
56.501487
56.501203
56.500929
56.500751
56.500569
56.500439
56.500362
56.500305
56.500236
56.500189
56.500172
56.500153
56.500175
56.500160
56.500170
56.500159
56.500139
56.500115
56.500076
56.500001
56.499885
56.499739
56.499554
56.499303
56.499045
56.498723
56.498328
56.497857
56.497332
56.496697
56.496010
56.495182
56.494261
56.493153
56.491913
56.490706
56.489270
56.487595
56.485702
56.483690
56.481617
56.479603
56.477211
56.474805
56.471928
56.469066
56.465391
56.461754
56.458218
56.453822
56.449879
56.445632
56.440833
56.435718
56.430219
56.424165
56.417573
56.410831
56.403890
56.396464
56.388796
56.381128
56.373089
56.363425
56.354125
56.343549
56.333855
56.323448
56.312193
56.299256
56.287626
56.275711
56.261943
56.248706
56.233357
56.216939
56.202096
56.185668
56.167244
56.149488
56.131286
56.112270
56.093150
56.071108
56.048641
56.025865
56.002739
55.981116
55.955395
55.932461
55.905134
55.876370
55.849007
55.823037
55.792377
55.760374
55.728601
55.695051
55.660153
55.625524
55.590781
55.552739
55.516135
55.479729
55.441218
55.404186
55.365666
55.323587
55.279291
55.235152
55.187294
55.145538
55.097229
55.049030
55.001140
54.949497
54.902762
54.850023
54.794637
54.738292
54.688079
54.627349
54.574054
54.516014
54.500631
54.500648
54.500630
54.500613
54.500600
54.500616
54.500613
54.500622
54.500645
54.500672
54.500693
54.500703
54.500685
54.500696
54.500727
54.500729
54.500739
54.500729
54.500748
54.500775
54.500764
54.500760
54.500741
54.500753
54.500760
54.500762
54.500783
54.500770
54.500780
54.500770
54.500776
54.500759
54.500774
54.500763
54.500785
54.500800
54.500801
54.500817
54.500824
54.500839
54.500838
54.500848
54.500858
54.500842
54.500835
54.500851
54.500851
54.500841
54.500850
54.500876
54.500870
54.500866
54.500892
54.500923
54.500907
54.500920
54.500938
54.500937
54.500939
54.500966
54.500949
54.500954
54.500962
54.500978
54.501001
54.500984
54.500992
54.501008
54.501016
54.501036
54.501023
54.501014
54.501018
54.501006
54.501018
54.501050
54.501069
54.501067
54.501094
54.501085
54.501106
54.501121
54.501146
54.501155
54.501173
54.501199
54.501181
54.501200
54.501218
54.501205
54.501197
54.501184
54.501184
54.501175
54.501177
54.501164
54.501196
54.501221
54.501234
54.501235
54.501243
54.501255
54.501255
54.501273
54.501295
54.501300
54.501323
54.501318
54.501325
54.501314
54.501336
54.501329
54.501330
54.501354
54.501380
54.501364
54.501393
54.501419
54.501409
54.501424
54.501435
54.501458
54.501459
54.501478
54.501469
54.501484
54.501511
54.501513
54.501521
54.501509
54.501533
54.501537
54.501559
54.501555
54.501582
54.501580
54.501611
54.501613
54.501602
54.501622
54.501650
54.501644
54.501655
54.501647
54.501656
54.501672
54.501691
54.501725
54.501728
54.501738
54.501758
54.501789
54.501780
54.501793
54.501784
54.501772
54.501792
54.501813
54.501823
54.501840
54.501859
54.501856
54.501867
54.501856
54.501867
54.501884
54.501922
54.501945
54.501976
54.502011
54.502023
54.502023
54.502049
54.502038
54.502043
54.502061
54.502099
54.502093
54.502097
54.502107
54.502099
54.502111
54.502141
54.502143
54.502149
54.502163
54.502179
54.502214
54.502225
54.502248
54.502285
54.502317
54.502351
54.502381
54.502382
54.502414
54.502446
54.502458
54.502459
54.502497
54.502532
54.502559
54.502584
54.502599
54.502614
54.502636
54.502659
54.502671
54.502669
54.502701
54.502707
54.502733
54.502726
54.502738
54.502763
54.502767
54.502813
54.502832
54.502857
54.502871
54.502885
54.502887
54.502910
54.502946
54.502957
54.502963
54.502989
54.502997
54.503006
54.503051
54.503102
54.503141
54.503145
54.503192
54.503238
54.503269
54.503271
54.503305
54.503343
54.503361
54.503405
54.503439
54.503475
54.503516
54.503522
54.503564
54.503581
54.503597
54.503606
54.503649
54.503684
54.503716
54.503738
54.503768
54.503779
54.503823
54.503845
54.503896
54.503948
54.503978
54.504014
54.504053
54.504099
54.504113
54.504153
54.504206
54.504242
54.504250
54.504288
54.504296
54.504309
54.504332
54.504363
54.504388
54.504408
54.504442
54.504491
54.504548
54.504587
54.504628
54.504684
54.504732
54.504790
54.504841
54.504879
54.504927
54.504946
54.504991
54.505016
54.505052
54.505117
54.505147
54.505191
54.505249
54.505275
54.505341
54.505401
54.505425
54.505453
54.505521
54.505552
54.505591
54.505650
54.505701
54.505747
54.505787
54.505831
54.505860
54.505900
54.505960
54.506031
54.506065
54.506130
54.506205
54.506247
54.506311
54.506358
54.506431
54.506476
54.506531
54.506579
54.506624
54.506668
54.506707
54.506754
54.506808
54.506873
54.506921
54.507003
54.507086
54.507129
54.507209
54.507255
54.507326
54.507384
54.507449
54.507515
54.507586
54.507639
54.507706
54.507762
54.507819
54.507871
54.507924
54.507981
54.508036
54.508105
54.508200
54.508259
54.508360
54.508422
54.508492
54.508593
54.508688
54.508746
54.508808
54.508897
54.508996
54.509064
54.509143
54.509234
54.509314
54.509398
54.509496
54.509566
54.509647
54.509709
54.509791
54.509868
54.509975
54.510063
54.510154
54.510233
54.510302
54.510415
54.510515
54.510606
54.510707
54.510804
54.510911
54.510989
54.511062
54.511150
54.511230
54.511327
54.511441
54.511529
54.511612
54.511712
54.511824
54.511905
54.512030
54.512149
54.512250
54.512343
54.512450
54.512537
54.512663
54.512765
54.512873
54.512967
54.513096
54.513228
54.513353
54.513477
54.513569
54.513667
54.513806
54.513915
54.514030
54.514169
54.514274
54.514376
54.514484
54.514602
54.514748
54.514857
54.514984
54.515099
54.515223
54.515360
54.515492
54.515609
54.515741
54.515868
54.516025
54.516160
54.516321
54.516453
54.516592
54.516733
54.516899
54.517057
54.517195
54.517337
54.517468
54.517614
54.517768
54.517920
54.518064
54.518204
54.518384
54.518562
54.518723
54.518865
54.519022
54.519199
54.519374
54.519525
54.519688
54.519849
54.520011
54.520180
54.520342
54.520537
54.520720
54.520881
54.521055
54.521232
54.521420
54.521596
54.521764
54.521962
54.522136
54.522331
54.522536
54.522726
54.522932
54.523118
54.523314
54.523506
54.523700
54.523919
54.524130
54.524318
54.524521
54.524724
54.524937
54.525139
54.525354
54.525585
54.525815
54.526020
54.526232
54.526437
54.526668
54.526879
54.527112
54.527346
54.527561
54.527798
54.528043
54.528264
54.528499
54.528740
54.528977
54.529219
54.529461
54.529697
54.529936
54.530185
54.530437
54.530708
54.530975
54.531242
54.531505
54.531764
54.532028
54.532301
54.532559
54.532831
54.533104
54.533392
54.533677
54.533958
54.534228
54.534498
54.624276
54.771359
54.899428
55.003385
55.143606
55.263593
55.350998
55.469204
55.566313
55.667681
55.744784
55.831594
55.916788
55.983904
56.049232
56.118462
56.180021
56.232914
56.280639
56.322096
56.358530
56.392281
56.426077
56.451733
56.472917
56.491905
56.507907
56.520105
56.529370
56.535809
56.540671
56.543695
56.545174
56.545797
