-1.042796
0.000000
0.000000
0.000000
0.000000
0.000000
0.000000
0.000000
0.000000
0.000000
0.000000
0.000000
0.000000
0.000000
0.000000
0.000000
0.000000
0.000000
0.000000
0.000000
0.000000
0.000000
0.000000
0.000000
0.000000
0.000000
0.000000
0.000000
0.000000
0.000000
0.000000
0.000000
0.000000
0.000000
0.000000
0.000000
0.000000
0.000000
0.000000
0.000000
0.000000
0.000000
0.000000
0.000000
0.000000
0.000000
0.000000
0.000000
0.000000
0.000000
0.000000
0.000000
0.000000
0.000000
0.000000
0.000000
0.000000
0.000000
0.000000
0.000000
0.000000
0.000000
0.000000
0.000000
0.000000
0.000000
0.000000
0.000000
0.000000
0.000000
0.000000
0.000000
0.000000
0.000000
0.000000
0.000000
0.000000
0.000000
0.000000
0.000000
0.000000
0.000000
0.000000
0.000000
0.000000
0.000000
0.000000
0.000000
0.000000
0.000000
0.000000
0.000000
0.000000
0.000000
0.000000
0.000000
0.000000
0.000000
0.000000
0.000000
0.000000
0.000000
0.000000
0.000000
0.000000
0.000000
0.000000
0.000000
0.000000
0.000000
0.000000
0.000000
0.000000
0.000000
0.000000
0.000000
0.000000
0.000000
0.000000
0.000000
0.000000
0.000000
0.000000
0.000000
0.000000
0.000000
0.000000
0.000000
0.000000
0.000000
0.000000
0.000000
0.000000
0.000000
0.000000
0.000000
0.000000
0.000000
0.000000
0.000000
0.000000
0.000000
0.000000
0.000000
0.000000
0.000000
0.000000
0.000000
0.000000
0.000000
0.000000
0.000000
0.000000
0.000000
0.000000
0.000000
0.000000
0.000000
0.000000
0.000000
0.000000
0.000000
0.000000
0.000000
0.000000
0.000000
0.000000
0.000000
0.000000
0.000000
0.000000
0.000000
0.000000
0.000000
0.000000
0.000000
0.000000
0.000000
0.000000
0.000000
0.000000
0.000000
0.000000
0.000000
0.000000
0.000000
0.000000
0.000000
0.000000
0.000000
-0.000000
-0.000000
0.000000
-0.000000
-0.000000
-0.000000
-0.000000
-0.000000
-0.000000
-0.000000
-0.000000
-0.000000
-0.000000
-0.000000
-0.000000
-0.000000
-0.000000
-0.000000
-0.000000
-0.000000
-0.000000
-0.000000
-0.000000
-0.000000
-0.000000
-0.000000
-0.000000
-0.000000
-0.000000
-0.000000
-0.000000
-0.000000
-0.000000
-0.000000
-0.000000
-0.000000
-0.000000
-0.000000
-0.000000
-0.000000
-0.000000
-0.000000
-0.000000
-0.000000
-0.000000
-0.000000
-0.000000
-0.000000
-0.000000
-0.000000
-0.000000
-0.000000
-0.000000
-0.000000
-0.000000
-0.000000
-0.000000
-0.000000
-0.000000
-0.000000
-0.000000
-0.000000
-0.000000
-0.000000
-0.000000
-0.000000
-0.000000
-0.000000
-0.000000
-0.000000
-0.000000
-0.000000
-0.000000
-0.000000
-0.000000
-0.000000
-0.000000
-0.000000
-0.000000
-0.000000
-0.000000
-0.000000
-0.000000
-0.000000
-0.000000
-0.000000
-0.000000
-0.000000
-0.000000
-0.000000
-0.000000
-0.000000
-0.000000
-0.000000
-0.000000
-0.000000
-0.000000
-0.000000
-0.000000
-0.000000
-0.000000
-0.000000
-0.000000
-0.000000
-0.000000
-0.000000
-0.000000
-0.000000
-0.000000
-0.000000
-0.000000
-0.000000
-0.000000
-0.000000
-0.000000
-0.000000
-0.000000
-0.000000
-0.000000
-0.000000
-0.000000
-0.000000
-0.000000
-0.000000
-0.000000
-0.000001
-0.000001
-0.000001
-0.000001
-0.000001
-0.000001
-0.000001
-0.000001
-0.000001
-0.000001
-0.000001
-0.000001
-0.000001
-0.000001
-0.000001
-0.000001
-0.000001
-0.000001
-0.000001
-0.000001
-0.000001
-0.000001
-0.000001
-0.000001
-0.000001
-0.000001
-0.000001
-0.000001
-0.000001
-0.000001
-0.000001
-0.000001
-0.000001
-0.000001
-0.000001
-0.000001
-0.000001
-0.000001
-0.000001
-0.000001
-0.000001
-0.000001
-0.000001
-0.000001
-0.000001
-0.000001
-0.000001
-0.000001
-0.000001
-0.000001
-0.000001
-0.000001
-0.000001
-0.000001
-0.000001
-0.000001
-0.000001
-0.000001
-0.000001
-0.000001
-0.000001
-0.000001
-0.000001
-0.000001
-0.000001
-0.000001
-0.000001
-0.000001
-0.000001
-0.000001
-0.000001
-0.000000
-0.000000
-0.000000
-0.000000
-0.000000
-0.000000
-0.000000
-0.000000
-0.000000
-0.000000
-0.000000
0.000000
0.000000
0.000000
0.000000
0.000000
0.000000
0.000000
0.000001
0.000001
0.000001
0.000001
0.000001
0.000001
0.000001
0.000001
0.000001
0.000001
0.000002
0.000002
0.000002
0.000002
0.000002
0.000002
0.000002
0.000003
0.000003
0.000003
0.000003
0.000003
0.000003
0.000004
0.000004
0.000004
0.000004
0.000004
0.000005
0.000005
0.000005
0.000005
0.000005
0.000006
0.000006
0.000006
0.000007
0.000007
0.000007
0.000007
0.000008
0.000008
0.000008
0.000009
0.000009
0.000009
0.000010
0.000010
0.000010
0.000011
0.000011
0.000012
0.000012
0.000012
0.000013
0.000013
0.000014
0.000014
0.000015
0.000015
0.000016
0.000016
0.000017
0.000017
0.000018
0.000018
0.000019
0.000019
0.000020
0.000021
0.000021
0.000022
0.000023
0.000023
0.000024
0.000025
0.000025
0.000026
0.000027
0.000028
0.000029
0.000029
0.000030
0.000031
0.000032
0.000033
0.000034
0.000035
0.000036
0.000037
0.000037
0.000038
0.000040
0.000041
0.000042
0.000043
0.000044
0.000045
0.000046
0.000047
0.000048
0.000050
0.000051
0.000052
0.000053
0.000055
0.000056
0.000057
0.000059
0.000060
0.000062
0.000063
0.000065
0.000066
0.000068
0.000069
0.000071
0.000073
0.000074
0.000076
0.000078
0.000079
0.000081
0.000083
0.000085
0.000087
0.000089
0.000091
0.000093
0.000095
0.000097
0.000099
0.000101
0.000103
0.000106
0.000108
0.000110
0.000112
0.000115
0.000117
0.000120
0.000122
0.000125
0.000127
0.000130
0.000133
0.000135
0.000138
0.000141
0.000144
0.000147
0.000150
0.000153
0.000156
0.000159
0.000162
0.000165
0.000169
0.000172
0.000175
0.000179
0.000182
0.000186
0.000189
0.000193
0.000196
0.000200
0.000204
0.000208
0.000212
0.000216
0.000220
0.000224
0.000228
0.000232
0.000236
0.000241
0.000245
0.000250
0.000254
0.000259
0.000263
0.000268
0.000273
0.000278
0.000283
0.000288
0.000293
0.000298
0.000303
0.000309
0.000314
0.000319
0.000325
0.000331
0.000336
0.000342
0.000348
0.000354
0.000360
0.000366
0.000372
0.000378
0.000385
0.000391
0.000397
0.000404
0.000411
0.000417
0.000424
0.000431
0.000438
0.000445
0.000452
0.000460
0.000467
0.000475
0.000482
0.000490
0.000498
0.000505
0.000513
0.000521
0.000530
0.000538
0.000546
0.000555
0.000563
0.000572
0.000581
0.000589
0.000598
0.000607
0.000617
0.000626
0.000635
0.000645
0.000654
0.000664
0.000674
0.000684
0.000694
0.000704
0.000714
0.000725
0.000735
0.000746
0.000757
0.000768
0.000779
0.000790
0.000801
0.000813
0.000824
0.000836
0.000848
0.000860
0.000872
0.000884
0.000897
0.000909
0.000922
0.000935
0.000948
0.000961
0.000974
0.000988
0.001001
0.001015
0.001029
0.001043
0.001057
0.001071
0.001086
0.001100
0.001115
0.001130
0.001145
0.001160
0.001175
0.001191
0.001206
0.001222
0.001238
0.001254
0.001271
0.001287
0.001304
0.001321
0.001338
0.001355
0.001372
0.001390
0.001407
0.001425
0.001443
0.001462
0.001480
0.001499
0.001518
0.001537
0.001556
0.001575
0.001595
0.001614
0.001634
0.001655
0.001675
0.001696
0.001716
0.001737
0.001758
0.001780
0.001802
0.001823
0.001845
0.001868
0.001890
0.001913
0.001936
0.001959
0.001982
0.002006
0.002029
0.002053
0.002077
0.002102
0.002126
0.002151
0.002176
0.002201
0.002227
0.002253
0.002279
0.002305
0.002331
0.002358
0.002385
0.002412
0.002440
0.002468
0.002495
0.002524
0.002552
0.002581
0.002610
0.002639
0.002669
0.002698
0.002728
0.002759
0.002789
0.002820
0.002851
0.002883
0.002914
0.002946
0.002978
0.003011
0.003043
0.003076
0.003110
0.003143
0.003177
0.003211
0.003246
0.003281
0.003316
0.003351
0.003387
0.003423
0.003459
0.003495
0.003532
0.003569
0.003607
0.003644
0.003683
0.003721
0.003760
0.003799
0.003838
0.003877
0.003917
0.003958
0.003998
0.004039
0.004080
0.004122
0.004164
0.004206
0.004249
0.004291
0.004335
0.004378
0.004422
0.004466
0.004510
0.004555
0.004600
0.004646
0.004692
0.004738
0.004785
0.004832
0.004879
0.004927
0.004975
0.005023
0.005072
0.005122
0.005172
0.005222
0.005272
0.005323
0.005375
0.005427
0.005479
0.005532
0.005585
0.005639
0.005693
0.005747
0.005802
0.005858
0.005914
0.005970
0.006027
0.006085
0.006143
0.006201
0.006260
0.006319
0.006379
0.006440
0.006501
0.006562
0.006624
0.006686
0.006749
0.006813
0.006877
0.006942
0.007007
0.007073
0.007139
0.007206
0.007273
0.007341
0.007410
0.007479
0.007549
0.007619
0.007690
0.007762
0.007834
0.007907
0.007981
0.008055
0.008130
0.008205
0.008281
0.008358
0.008435
0.008513
0.008592
0.008671
0.008751
0.008832
0.008913
0.008995
0.009077
0.009160
0.009244
0.009329
0.009414
0.009501
0.009587
0.009675
0.009763
0.009852
0.009942
0.010033
0.010124
0.010217
0.010310
0.010404
0.010498
0.010594
0.010690
0.010787
0.010885
0.010984
0.011084
0.011184
0.011286
0.011389
0.011492
0.011596
0.011701
0.011808
0.011915
0.012023
0.012132
0.012242
0.012353
0.012465
0.012578
0.012692
0.012807
0.012923
0.013040
0.013158
0.013277
0.013397
0.013519
0.013641
0.013765
0.013889
0.014015
0.014142
0.014271
0.014400
0.014531
0.014663
0.014796
0.014930
0.015066
0.015203
0.015341
0.015480
0.015621
0.015763
0.015906
0.016051
0.016197
0.016345
0.016493
0.016643
0.016795
0.016948
0.017102
0.017258
0.017415
0.017573
0.017733
0.017894
0.018057
0.018221
0.018386
0.018553
0.018722
0.018892
0.019063
0.019236
0.019411
0.019587
0.019765
0.019944
0.020125
0.020307
0.020491
0.020677
0.020864
0.021053
0.021243
0.021435
0.021629
0.021824
0.022021
0.022219
0.022419
0.022620
0.022823
0.023028
0.023235
0.023443
0.023652
0.023863
0.024076
0.024290
0.024506
0.024723
0.024942
0.025162
0.025383
0.025606
0.025831
0.026057
0.026284
0.026512
0.026742
0.026972
0.027204
0.027438
0.027672
