-0.883890
-0.000000
-0.000000
-0.000000
-0.000000
0.000000
0.000000
-0.000000
0.000000
0.000000
0.000000
-0.000000
-0.000000
-0.000000
-0.000000
0.000000
0.000000
-0.000000
0.000000
0.000000
0.000000
-0.000000
-0.000000
0.000000
-0.000000
0.000000
0.000000
0.000000
0.000000
0.000000
0.000000
-0.000000
-0.000000
-0.000000
-0.000000
-0.000000
0.000000
0.000000
-0.000000
0.000000
-0.000000
0.000000
0.000000
0.000000
0.000000
-0.000000
0.000000
-0.000000
0.000000
-0.000000
-0.000000
-0.000000
-0.000000
-0.000000
-0.000000
0.000000
-0.000000
0.000000
0.000000
0.000000
-0.000000
-0.000000
-0.000000
0.000000
0.000000
-0.000000
-0.000000
-0.000000
0.000000
0.000000
0.000000
0.000000
0.000000
-0.000000
0.000000
0.000000
-0.000000
-0.000000
-0.000000
-0.000000
0.000000
0.000000
0.000000
0.000000
-0.000000
-0.000000
-0.000000
0.000000
-0.000000
-0.000000
-0.000000
-0.000000
-0.000000
-0.000000
-0.000000
-0.000000
-0.000000
0.000000
-0.000000
0.000000
-0.000000
0.000000
0.000000
-0.000000
0.000000
-0.000000
0.000000
-0.000000
-0.000000
-0.000000
0.000000
-0.000000
-0.000000
-0.000000
0.000000
-0.000000
0.000000
0.000000
-0.000000
0.000000
0.000000
0.000000
0.000000
-0.000000
-0.000000
-0.000000
-0.000000
-0.000000
0.000000
0.000000
0.000000
0.000000
-0.000000
-0.000000
0.000000
0.000000
0.000000
-0.000000
-0.000000
0.000000
-0.000000
-0.000000
0.000000
-0.000000
0.000000
0.000000
0.000000
-0.000000
-0.000000
0.000000
0.000000
0.000000
-0.000000
0.000000
-0.000000
0.000000
0.000000
0.000000
-0.000000
-0.000000
0.000000
0.000000
0.000000
-0.000000
0.000000
-0.000000
0.000000
0.000000
0.000000
0.000000
-0.000000
0.000000
-0.000000
-0.000000
0.000000
0.000000
-0.000000
0.000000
0.000000
0.000000
-0.000000
0.000000
-0.000000
-0.000000
-0.000000
-0.000000
-0.000000
-0.000000
-0.000000
-0.000000
-0.000000
-0.000000
0.000000
0.000000
0.000000
0.000000
0.000000
0.000000
0.000000
0.000000
0.000000
0.000000
0.000000
0.000000
0.000000
0.000000
0.000000
0.000000
0.000000
0.000000
0.000000
0.000000
0.000000
0.000000
0.000000
0.000000
0.000000
0.000000
0.000000
0.000000
0.000000
0.000000
0.000000
0.000000
0.000000
0.000000
0.000000
0.000000
0.000000
0.000000
0.000000
0.000000
0.000000
0.000000
0.000000
0.000000
0.000000
0.000000
0.000000
0.000000
0.000000
0.000000
0.000000
0.000000
0.000000
0.000000
0.000000
0.000000
0.000000
0.000000
0.000000
0.000000
0.000000
0.000000
0.000000
0.000000
0.000000
0.000000
0.000000
0.000000
0.000000
0.000000
0.000000
0.000000
0.000000
0.000000
0.000000
0.000000
0.000000
0.000000
0.000000
0.000000
0.000000
0.000000
0.000001
0.000001
0.000001
0.000001
0.000001
0.000001
0.000001
0.000001
0.000001
0.000001
0.000001
0.000001
0.000001
0.000001
0.000001
0.000001
0.000001
0.000001
0.000001
0.000001
0.000001
0.000001
0.000001
0.000001
0.000001
0.000001
0.000001
0.000001
0.000001
0.000002
0.000002
0.000002
0.000002
0.000002
0.000002
0.000002
0.000002
0.000002
0.000002
0.000002
0.000002
0.000002
0.000002
0.000002
0.000002
0.000003
0.000003
0.000003
0.000003
0.000003
0.000003
0.000003
0.000003
0.000003
0.000003
0.000003
0.000004
0.000004
0.000004
0.000004
0.000004
0.000004
0.000004
0.000004
0.000004
0.000005
0.000005
0.000005
0.000005
0.000005
0.000005
0.000005
0.000006
0.000006
0.000006
0.000006
0.000006
0.000006
0.000006
0.000007
0.000007
0.000007
0.000007
0.000007
0.000007
0.000008
0.000008
0.000008
0.000008
0.000008
0.000009
0.000009
0.000009
0.000009
0.000010
0.000010
0.000010
0.000010
0.000010
0.000011
0.000011
0.000011
0.000012
0.000012
0.000012
0.000012
0.000013
0.000013
0.000013
0.000013
0.000014
0.000014
0.000014
0.000015
0.000015
0.000015
0.000016
0.000016
0.000016
0.000017
0.000017
0.000018
0.000018
0.000018
0.000019
0.000019
0.000020
0.000020
0.000021
0.000021
0.000021
0.000022
0.000022
0.000023
0.000023
0.000024
0.000024
0.000025
0.000025
0.000026
0.000026
0.000027
0.000027
0.000028
0.000029
0.000029
0.000030
0.000030
0.000031
0.000032
0.000032
0.000033
0.000033
0.000034
0.000035
0.000035
0.000036
0.000037
0.000038
0.000038
0.000039
0.000040
0.000040
0.000041
0.000042
0.000043
0.000044
0.000044
0.000045
0.000046
0.000047
0.000048
0.000049
0.000050
0.000051
0.000052
0.000053
0.000053
0.000054
0.000055
0.000056
0.000057
0.000058
0.000059
0.000061
0.000062
0.000063
0.000064
0.000065
0.000066
0.000067
0.000069
0.000070
0.000071
0.000072
0.000074
0.000075
0.000076
0.000078
0.000079
0.000080
0.000082
0.000083
0.000084
0.000086
0.000087
0.000089
0.000090
0.000092
0.000093
0.000095
0.000097
0.000098
0.000100
0.000101
0.000103
0.000105
0.000107
0.000108
0.000110
0.000112
0.000114
0.000116
0.000117
0.000119
0.000121
0.000123
0.000125
0.000127
0.000129
0.000131
0.000133
0.000135
0.000138
0.000140
0.000142
0.000144
0.000147
0.000149
0.000151
0.000154
0.000156
0.000158
0.000161
0.000163
0.000166
0.000168
0.000171
0.000174
0.000176
0.000179
0.000182
0.000184
0.000187
0.000190
0.000193
0.000196
0.000199
0.000202
0.000205
0.000208
0.000211
0.000214
0.000217
0.000221
0.000224
0.000227
0.000231
0.000234
0.000237
0.000241
0.000244
0.000248
0.000251
0.000255
0.000259
0.000262
0.000266
0.000270
0.000274
0.000278
0.000282
0.000286
0.000290
0.000294
0.000298
0.000302
0.000306
0.000311
0.000315
0.000320
0.000324
0.000328
0.000333
0.000338
0.000342
0.000347
0.000352
0.000357
0.000362
0.000366
0.000371
0.000377
0.000382
0.000387
0.000392
0.000397
0.000403
0.000408
0.000414
0.000419
0.000425
0.000430
0.000436
0.000442
0.000448
0.000454
0.000459
0.000466
0.000472
0.000478
0.000484
0.000490
0.000496
0.000503
0.000509
0.000516
0.000523
0.000529
0.000536
0.000543
0.000550
0.000557
0.000564
0.000571
0.000578
0.000585
0.000593
0.000600
0.000607
0.000615
0.000622
0.000630
0.000638
0.000645
0.000654
0.000662
0.000670
0.000678
0.000686
0.000695
0.000703
0.000712
0.000720
0.000729
0.000737
0.000746
0.000755
0.000764
0.000773
0.000782
0.000791
0.000800
0.000810
0.000819
0.000829
0.000838
0.000848
0.000858
0.000868
0.000878
0.000889
0.000899
0.000910
0.000920
0.000931
0.000942
0.000953
0.000964
0.000975
0.000986
0.000998
0.001009
0.001021
0.001033
0.001045
0.001057
0.001069
0.001081
0.001093
0.001105
0.001117
0.001130
0.001142
0.001155
0.001168
0.001181
0.001194
0.001207
0.001220
0.001233
0.001247
0.001260
0.001274
0.001287
0.001301
0.001315
0.001329
0.001344
0.001358
0.001373
0.001388
0.001403
0.001418
0.001433
0.001448
0.001464
0.001479
0.001495
0.001511
0.001527
0.001544
0.001560
0.001577
0.001593
0.001610
0.001627
0.001644
0.001661
0.001679
0.001696
0.001714
0.001731
0.001749
0.001768
0.001786
0.001805
0.001823
0.001843
0.001862
0.001881
0.001900
0.001920
0.001940
0.001960
0.001980
0.002000
0.002020
0.002040
0.002061
0.002081
0.002102
0.002122
0.002143
0.002165
0.002186
0.002208
0.002230
0.002252
0.002275
0.002297
0.002320
0.002343
0.002367
0.002390
0.002413
0.002437
0.002461
0.002485
0.002510
0.002534
0.002559
0.002584
0.002610
0.002635
0.002661
0.002687
0.002713
0.002739
0.002765
0.002792
0.002819
0.002846
0.002873
0.002901
0.002928
0.002956
0.002984
0.003013
0.003041
0.003070
0.003100
0.003129
0.003159
0.003189
0.003219
0.003250
0.003281
0.003311
0.003342
0.003373
0.003405
0.003436
0.003468
0.003500
0.003533
0.003566
0.003599
0.003632
0.003666
0.003700
0.003734
0.003769
0.003804
0.003839
0.003875
0.003910
0.003946
0.003982
0.004018
0.004054
0.004091
0.004127
0.004165
0.004202
0.004241
0.004279
0.004318
0.004357
0.004397
0.004438
0.004478
0.004519
0.004561
0.004604
0.004646
0.004690
0.004733
0.004778
0.004823
0.004868
0.004914
0.004959
0.005006
0.005053
0.005100
0.005148
0.005197
0.005246
0.005295
0.005345
0.005396
0.005447
0.005499
0.005551
0.005605
0.005658
0.005712
0.005767
0.005821
0.005876
0.005932
0.005989
0.006045
0.006103
0.006161
0.006219
0.006278
0.006338
0.006399
0.006460
0.006522
0.006584
0.006647
0.006711
0.006775
0.006839
0.006905
0.006971
0.007039
0.007108
0.007176
0.007245
0.007316
0.007386
0.007458
0.007531
0.007604
0.007677
0.007751
0.007825
0.007901
0.007977
0.008054
0.008132
0.008210
0.008289
0.008369
0.008449
0.008530
0.008612
0.008695
0.008779
0.008865
0.008951
0.009038
0.009126
0.009216
0.009307
0.009399
0.009492
0.009585
0.009679
0.009775
0.009871
0.009969
0.010067
0.010166
0.010268
0.010371
0.010475
0.010579
0.010686
0.010794
0.010902
0.011012
0.011123
0.011235
0.011349
0.011463
0.011580
0.011698
0.011817
0.011937
0.012059
0.012182
0.012307
0.012433
0.012561
0.012689
0.012820
0.012953
0.013087
0.013224
0.013362
0.013502
0.013644
0.013787
0.013932
0.014080
0.014229
0.014380
0.014533
0.014688
0.014844
0.015003
0.015164
0.015329
0.015495
0.015662
0.015831
0.016003
0.016177
0.016353
0.016531
0.016712
0.016895
0.017081
0.017268
0.017458
0.017651
0.017846
0.018044
0.018244
0.018446
0.018650
0.018856
0.019066
0.019279
0.019496
0.019716
0.019940
0.020166
0.020396
0.020629
0.020865
0.021104
0.021346
0.021593
0.021843
0.022098
0.022355
0.022614
0.022876
0.023142
0.023413
0.023686
0.023965
0.024250
0.024540
0.024833
0.025131
0.025433
0.025741
0.026054
0.026371
0.026691
0.027016
0.027346
0.027680
0.028020
0.028364
0.028713
0.029068
0.029427
0.029790
0.030156
0.030529
0.030909
0.031293
0.031681
0.032073
0.032471
0.032877
0.033287
0.033700
