0.000000
0.000000
0.000000
0.000000
0.000000
0.000000
0.000000
0.000000
0.000000
0.000000
0.000000
0.000000
0.000000
0.000000
0.000000
0.000000
0.000000
0.000000
0.000000
0.000000
0.000000
0.000000
0.000000
0.000000
0.000000
0.000000
0.000000
0.000000
0.000000
0.000000
0.000000
0.000000
0.000000
0.000000
0.000000
0.000000
0.000000
0.000000
0.000000
0.000000
0.000000
0.000000
0.000000
0.000000
-0.000000
-0.000000
-0.000000
-0.000000
-0.000000
-0.000000
-0.000000
-0.000000
-0.000000
-0.000000
-0.000000
-0.000000
-0.000000
-0.000000
-0.000000
-0.000000
-0.000000
-0.000000
-0.000000
-0.000000
-0.000000
-0.000000
-0.000000
-0.000000
-0.000000
-0.000000
-0.000000
-0.000000
-0.000000
-0.000000
-0.000000
-0.000000
-0.000000
-0.000000
-0.000000
-0.000000
-0.000000
-0.000000
-0.000000
-0.000000
-0.000000
-0.000000
-0.000000
-0.000000
-0.000000
-0.000000
-0.000000
-0.000000
-0.000000
-0.000000
-0.000000
-0.000000
-0.000000
-0.000000
-0.000000
-0.000000
-0.000000
-0.000000
-0.000000
-0.000000
-0.000000
-0.000000
-0.000000
-0.000000
-0.000000
-0.000000
-0.000000
-0.000000
-0.000000
-0.000000
-0.000000
-0.000000
-0.000000
-0.000000
-0.000000
-0.000000
-0.000000
-0.000000
-0.000000
-0.000000
-0.000000
-0.000000
-0.000000
-0.000000
-0.000000
-0.000000
-0.000000
-0.000000
-0.000000
-0.000000
-0.000000
-0.000000
-0.000000
-0.000000
-0.000000
-0.000000
-0.000000
-0.000000
-0.000000
-0.000000
-0.000000
-0.000000
-0.000000
-0.000000
-0.000000
-0.000000
-0.000000
-0.000000
-0.000000
-0.000000
-0.000000
-0.000000
-0.000000
-0.000000
-0.000000
-0.000000
-0.000000
-0.000000
-0.000000
-0.000000
-0.000000
-0.000000
-0.000000
-0.000000
-0.000000
-0.000000
-0.000000
-0.000000
-0.000000
-0.000000
-0.000000
-0.000000
-0.000000
-0.000000
-0.000000
-0.000000
-0.000000
-0.000000
-0.000000
-0.000000
-0.000000
-0.000000
-0.000000
-0.000000
-0.000000
-0.000000
-0.000000
-0.000000
-0.000000
0.000000
0.000000
0.000000
0.000000
0.000000
0.000000
0.000000
0.000000
0.000000
0.000000
0.000000
0.000000
0.000000
0.000000
0.000000
0.000000
0.000000
0.000000
0.000000
0.000000
0.000000
0.000000
0.000000
0.000000
0.000000
0.000000
0.000000
0.000000
0.000000
0.000000
0.000000
0.000000
0.000000
0.000000
0.000000
0.000000
0.000000
0.000000
0.000000
0.000000
0.000000
0.000000
0.000000
0.000000
0.000000
0.000000
0.000000
0.000000
0.000000
0.000000
0.000000
0.000000
0.000000
0.000000
0.000000
0.000000
0.000000
0.000000
0.000000
0.000000
0.000000
0.000000
0.000000
0.000000
0.000000
0.000000
0.000000
0.000000
0.000000
0.000000
0.000000
0.000000
0.000000
0.000000
0.000000
0.000000
0.000000
0.000000
0.000000
0.000000
0.000000
0.000000
0.000000
0.000000
0.000000
0.000000
0.000000
0.000000
0.000000
0.000000
0.000000
0.000000
0.000000
0.000000
0.000000
0.000000
0.000000
0.000000
0.000000
0.000000
0.000000
0.000000
0.000000
0.000000
0.000000
0.000000
0.000000
0.000000
0.000000
0.000000
0.000000
0.000000
0.000001
0.000001
0.000001
0.000001
0.000001
0.000001
0.000001
0.000001
0.000001
0.000001
0.000001
0.000001
0.000001
0.000001
0.000001
0.000001
0.000001
0.000001
0.000001
0.000001
0.000001
0.000002
0.000002
0.000002
0.000002
0.000002
0.000002
0.000002
0.000002
0.000002
0.000002
0.000002
0.000002
0.000003
0.000003
0.000003
0.000003
0.000003
0.000003
0.000003
0.000004
0.000004
0.000004
0.000004
0.000004
0.000004
0.000004
0.000005
0.000005
0.000005
0.000005
0.000005
0.000006
0.000006
0.000006
0.000006
0.000007
0.000007
0.000007
0.000007
0.000008
0.000008
0.000008
0.000009
0.000009
0.000009
0.000010
0.000010
0.000010
0.000011
0.000011
0.000012
0.000012
0.000012
0.000013
0.000013
0.000014
0.000014
0.000015
0.000015
0.000016
0.000016
0.000017
0.000017
0.000018
0.000018
0.000019
0.000020
0.000020
0.000021
0.000022
0.000022
0.000023
0.000024
0.000025
0.000025
0.000026
0.000027
0.000028
0.000029
0.000030
0.000031
0.000032
0.000033
0.000034
0.000035
0.000036
0.000037
0.000038
0.000039
0.000040
0.000041
0.000042
0.000044
0.000045
0.000046
0.000048
0.000049
0.000050
0.000052
0.000053
0.000055
0.000056
0.000058
0.000060
0.000061
0.000063
0.000065
0.000066
0.000068
0.000070
0.000072
0.000074
0.000076
0.000078
0.000080
0.000082
0.000084
0.000087
0.000089
0.000091
0.000094
0.000096
0.000099
0.000101
0.000104
0.000106
0.000109
0.000112
0.000115
0.000117
0.000120
0.000123
0.000126
0.000130
0.000133
0.000136
0.000139
0.000143
0.000146
0.000150
0.000153
0.000157
0.000161
0.000165
0.000169
0.000173
0.000177
0.000181
0.000185
0.000190
0.000194
0.000198
0.000203
0.000208
0.000213
0.000217
0.000222
0.000227
0.000233
0.000238
0.000243
0.000249
0.000254
0.000260
0.000266
0.000272
0.000278
0.000284
0.000290
0.000297
0.000303
0.000310
0.000317
0.000324
0.000331
0.000338
0.000345
0.000353
0.000360
0.000368
0.000376
0.000384
0.000392
0.000400
0.000409
0.000417
0.000426
0.000435
0.000444
0.000453
0.000463
0.000472
0.000482
0.000492
0.000502
0.000513
0.000523
0.000534
0.000545
0.000556
0.000567
0.000578
0.000590
0.000602
0.000614
0.000626
0.000639
0.000652
0.000665
0.000678
0.000691
0.000705
0.000719
0.000733
0.000747
0.000762
0.000776
0.000792
0.000807
0.000822
0.000838
0.000854
0.000871
0.000888
0.000905
0.000922
0.000939
0.000957
0.000975
0.000994
0.001012
0.001031
0.001051
0.001070
0.001090
0.001111
0.001131
0.001152
0.001174
0.001195
0.001217
0.001240
0.001262
0.001285
0.001309
0.001333
0.001357
0.001381
0.001406
0.001432
0.001458
0.001484
0.001510
0.001537
0.001565
0.001593
0.001621
0.001650
0.001679
0.001709
0.001739
0.001769
0.001800
0.001832
0.001864
0.001896
0.001929
0.001963
0.001997
0.002031
0.002066
0.002102
0.002138
0.002174
0.002211
0.002249
0.002287
0.002326
0.002366
0.002406
0.002446
0.002487
0.002529
0.002572
0.002615
0.002658
0.002703
0.002748
0.002793
0.002840
0.002887
0.002934
0.002983
0.003032
0.003081
0.003132
0.003183
0.003235
0.003287
0.003341
0.003395
0.003450
0.003506
0.003562
0.003619
0.003677
0.003736
0.003796
0.003857
0.003918
0.003980
0.004043
0.004107
0.004172
0.004238
0.004305
0.004372
0.004441
0.004510
0.004581
0.004652
0.004725
0.004798
0.004872
0.004948
0.005024
0.005101
0.005180
0.005259
0.005340
0.005422
0.005504
0.005588
0.005673
0.005759
0.005847
0.005935
0.006025
0.006116
0.006207
0.006301
0.006395
0.006491
0.006588
0.006686
0.006785
0.006886
0.006988
0.007092
0.007196
0.007302
0.007410
0.007519
0.007629
0.007741
0.007854
0.007968
0.008084
0.008202
0.008321
0.008441
0.008563
0.008687
0.008812
0.008939
0.009067
0.009197
0.009329
0.009462
0.009597
0.009733
0.009872
0.010012
0.010153
0.010297
0.010442
0.010589
0.010738
0.010889
0.011041
0.011196
0.011352
0.011511
0.011671
0.011833
0.011997
0.012163
0.012331
0.012502
0.012674
0.012848
0.013025
0.013203
0.013384
0.013567
0.013752
0.013939
0.014129
0.014321
0.014515
0.014711
0.014910
0.015111
0.015315
0.015521
0.015729
0.015940
0.016153
0.016369
0.016587
0.016808
0.017031
0.017257
0.017486
0.017718
0.017952
0.018188
0.018428
0.018670
0.018915
0.019163
0.019414
0.019668
0.019924
0.020184
0.020446
0.020712
0.020980
0.021252
0.021527
0.021805
0.022086
0.022370
0.022657
0.022948
0.023242
0.023539
0.023840
0.024144
0.024451
0.024762
0.025076
0.025394
0.025715
0.026040
0.026369
0.026701
0.027037
0.027377
0.027720
0.028067
0.028418
0.028773
0.029132
0.029495
0.029862
0.030232
0.030607
0.030986
0.031369
0.031756
0.032148
0.032544
0.032944
0.033348
0.033757
0.034170
0.034588
0.035010
0.035437
0.035868
0.036304
0.036744
0.037190
0.037640
0.038095
0.038555
0.039019
0.039489
0.039964
0.040443
0.040928
0.041418
0.041913
0.042413
0.042919
0.043430
0.043946
0.044468
0.044995
0.045528
0.046067
0.046611
0.047160
0.047716
0.048277
0.048844
0.049417
0.049996
0.050581
0.051172
0.051769
0.052373
0.052982
0.053598
0.054220
0.054849
0.055484
0.056126
0.056774
0.057429
0.058091
0.058759
0.059434
0.060117
0.060806
0.061502
0.062205
0.062915
0.063633
0.064358
0.065090
0.065830
0.066577
0.067332
0.068094
0.068864
0.069642
0.070427
0.071221
0.072022
0.072832
0.073650
0.074476
0.075310
0.076152
0.077003
0.077863
0.078731
0.079607
0.080493
0.081387
0.082290
0.083202
0.084124
0.085054
0.085993
0.086942
0.087901
0.088868
0.089846
0.090832
0.091829
0.092836
0.093852
0.094878
0.095915
0.096961
0.098018
0.099086
0.100163
0.101252
0.102351
0.103460
0.104581
0.105712
0.106855
0.108008
0.109173
0.110349
0.111537
0.112736
0.113946
0.115169
0.116403
0.117649
0.118908
0.120178
0.121461
0.122756
0.124064
0.125384
0.126717
0.128062
0.129421
0.130793
0.132178
0.133576
0.134987
0.136412
0.137851
0.139304
0.140770
0.142250
0.143745
0.145253
0.146777
0.148314
0.149866
0.151433
0.153015
0.154612
0.156224
0.157851
0.159494
0.161152
0.162826
0.164515
0.166221
0.167943
0.169681
0.171435
0.173206
0.174993
0.176798
0.178619
0.180457
0.182312
0.184185
0.186076
0.187984
0.189910
0.191854
0.193816
0.195796
0.197795
0.199812
0.201848
0.203903
0.205977
0.208070
0.210183
0.212315
0.214467
0.216639
0.218831
0.221043
0.223276
0.225529
0.227802
0.230097
0.232413
0.234750
0.237109
0.239490
0.241893
0.244318
0.246767
0.249238
0.251733
0.254251
0.256793
0.259360
0.261950
0.264566
0.267206
0.269871
0.272562
0.275278
0.278020
0.280789
0.283584
0.286405
0.289253
0.292128
0.295031
0.297961
0.300918
0.303904
0.306918
0.309960
0.313031
0.316131
0.319259
