0.322417
-0.000000
-0.000000
-0.000000
-0.000000
-0.000000
0.000000
0.000000
0.000000
0.000000
0.000000
0.000000
-0.000000
-0.000000
-0.000000
-0.000000
-0.000000
-0.000000
-0.000000
-0.000000
-0.000000
-0.000000
-0.000000
-0.000000
-0.000000
-0.000000
-0.000000
-0.000000
-0.000000
-0.000000
-0.000000
-0.000000
-0.000000
-0.000000
-0.000000
-0.000000
-0.000000
-0.000000
-0.000000
-0.000000
-0.000000
-0.000000
-0.000000
-0.000000
-0.000000
-0.000000
-0.000000
-0.000000
-0.000000
-0.000000
-0.000000
-0.000000
-0.000000
-0.000000
-0.000000
-0.000000
-0.000000
-0.000000
-0.000000
-0.000000
-0.000000
-0.000000
-0.000000
-0.000000
-0.000000
-0.000000
-0.000000
-0.000000
-0.000000
-0.000000
-0.000000
-0.000000
-0.000000
-0.000000
-0.000000
-0.000000
-0.000000
-0.000000
-0.000000
-0.000000
-0.000000
-0.000000
-0.000000
-0.000000
-0.000000
-0.000000
-0.000000
-0.000000
-0.000000
-0.000000
-0.000000
-0.000000
-0.000000
-0.000000
-0.000000
-0.000000
-0.000000
-0.000000
-0.000000
-0.000000
-0.000000
-0.000000
-0.000000
-0.000000
-0.000000
-0.000000
-0.000000
-0.000000
-0.000000
-0.000000
-0.000000
-0.000000
-0.000000
-0.000000
-0.000000
-0.000000
-0.000000
-0.000000
-0.000000
-0.000000
-0.000000
-0.000000
-0.000000
-0.000000
-0.000000
-0.000000
-0.000000
-0.000000
-0.000000
-0.000000
-0.000000
-0.000000
-0.000000
-0.000000
-0.000000
-0.000000
-0.000000
-0.000000
-0.000000
-0.000000
0.000000
0.000000
0.000000
0.000000
0.000000
0.000000
0.000000
0.000000
0.000000
0.000000
0.000000
0.000000
0.000000
0.000000
0.000000
0.000000
0.000000
0.000000
0.000000
0.000000
0.000000
0.000000
0.000000
0.000000
0.000000
0.000000
0.000000
0.000000
0.000000
0.000000
0.000000
0.000000
0.000000
0.000000
0.000000
0.000000
0.000000
0.000000
0.000000
0.000000
0.000000
0.000000
0.000000
0.000000
0.000000
0.000000
0.000000
0.000000
0.000000
0.000000
0.000000
0.000000
0.000000
0.000000
0.000000
0.000000
0.000000
0.000000
0.000000
0.000000
0.000000
0.000000
0.000000
0.000000
0.000000
0.000000
0.000000
0.000001
0.000001
0.000001
0.000001
0.000001
0.000001
0.000002
0.000002
0.000002
0.000002
0.000003
0.000003
0.000004
0.000004
0.000005
0.000005
0.000006
0.000006
0.000007
0.000008
0.000009
0.000010
0.000011
0.000012
0.000013
0.000015
0.000016
0.000017
0.000019
0.000021
0.000022
0.000024
0.000026
0.000029
0.000031
0.000033
0.000036
0.000039
0.000042
0.000045
0.000048
0.000051
0.000055
0.000058
0.000062
0.000067
0.000071
0.000075
0.000080
0.000085
0.000091
0.000096
0.000102
0.000108
0.000114
0.000121
0.000127
0.000135
0.000142
0.000150
0.000158
0.000166
0.000175
0.000184
0.000193
0.000203
0.000213
0.000224
0.000235
0.000246
0.000258
0.000270
0.000283
0.000296
0.000310
0.000324
0.000338
0.000353
0.000369
0.000385
0.000402
0.000419
0.000437
0.000455
0.000474
0.000493
0.000513
0.000534
0.000556
0.000578
0.000600
0.000624
0.000648
0.000673
0.000698
0.000725
0.000752
0.000779
0.000808
0.000838
0.000868
0.000899
0.000931
0.000964
0.000998
0.001032
0.001068
0.001104
0.001142
0.001181
0.001220
0.001261
0.001302
0.001345
0.001389
0.001434
0.001480
0.001527
0.001575
0.001625
0.001675
0.001727
0.001780
0.001835
0.001891
0.001948
0.002006
0.002066
0.002127
0.002190
0.002254
0.002320
0.002387
0.002455
0.002525
0.002597
0.002670
0.002745
0.002822
0.002900
0.002980
0.003062
0.003145
0.003230
0.003317
0.003406
0.003497
0.003590
0.003684
0.003781
0.003879
0.003980
0.004083
0.004187
0.004294
0.004403
0.004514
0.004628
0.004743
0.004861
0.004982
0.005104
0.005229
0.005357
0.005487
0.005619
0.005754
0.005891
0.006032
0.006174
0.006320
0.006468
0.006619
0.006773
0.006929
0.007089
0.007251
0.007416
0.007585
0.007756
0.007931
0.008108
0.008289
0.008473
0.008660
0.008851
0.009044
0.009242
0.009442
0.009646
0.009854
0.010065
0.010280
0.010499
0.010721
0.010947
0.011176
0.011410
0.011648
0.011889
0.012134
0.012384
0.012637
0.012895
0.013157
0.013423
0.013694
0.013968
0.014248
0.014531
0.014819
0.015112
0.015409
0.015711
0.016018
0.016329
0.016646
0.016967
0.017293
0.017624
0.017960
0.018301
0.018647
0.018999
0.019356
0.019718
0.020085
0.020458
0.020837
0.021221
0.021611
0.022006
0.022407
0.022814
0.023226
0.023645
0.024069
0.024500
0.024937
0.025379
0.025828
0.026283
0.026745
0.027213
0.027687
0.028168
0.028656
0.029150
0.029651
0.030159
0.030674
0.031196
0.031725
0.032261
0.032804
0.033355
0.033913
0.034478
0.035052
0.035632
0.036221
0.036818
0.037422
0.038034
0.038655
0.039284
0.039921
0.040566
0.041220
0.041883
0.042554
0.043234
0.043923
0.044621
0.045328
0.046044
0.046769
0.047504
0.048248
0.049001
0.049765
0.050538
0.051321
0.052114
0.052917
0.053731
0.054554
0.055389
0.056233
0.057089
0.057955
0.058832
0.059720
0.060619
0.061529
0.062451
0.063384
0.064329
0.065285
0.066253
0.067234
0.068226
0.069231
0.070248
0.071277
0.072319
0.073374
0.074442
0.075522
0.076616
0.077723
0.078844
0.079978
0.081125
0.082287
0.083463
0.084652
0.085856
0.087074
0.088307
0.089555
0.090817
0.092095
0.093388
0.094696
0.096019
0.097358
0.098713
0.100084
0.101471
0.102874
0.104293
0.105730
0.107183
0.108652
0.110139
0.111644
0.113165
0.114705
0.116262
0.117837
0.119430
0.121042
0.122672
0.124321
0.125989
0.127676
0.129382
0.131107
0.132852
0.134618
0.136403
0.138208
0.140034
0.141880
0.143747
0.145635
0.147545
0.149476
0.151428
0.153403
0.155399
0.157418
0.159460
0.161524
0.163611
0.165721
0.167855
0.170012
0.172193
0.174399
0.176628
0.178882
0.181161
0.183465
0.185794
0.188149
0.190530
0.192936
0.195369
0.197828
0.200314
0.202827
0.205368
0.207935
0.210531
0.213155
0.215807
0.218488
0.221197
0.223936
0.226704
0.229502
0.232329
0.235188
0.238076
0.240996
0.243946
0.246928
0.249942
0.252988
0.256066
0.259176
0.262320
0.265497
0.268707
0.271951
0.275230
0.278543
0.281890
0.285273
0.288692
0.292146
0.295636
0.299163
0.302727
0.306327
0.309966
0.313642
0.317356
0.321109
0.324901
0.328732
0.332603
0.336514
0.340465
0.344457
0.348490
0.352564
0.356680
0.360839
0.365040
0.369285
0.373573
0.377904
0.382280
0.386701
0.391167
0.395678
0.400235
0.404838
0.409488
0.414186
0.418931
0.423724
0.428565
0.433455
0.438395
0.443385
0.448424
0.453515
0.458657
0.463850
0.469095
0.474393
0.479745
0.485149
0.490608
0.496121
0.501689
0.507313
0.512993
0.518729
0.524523
0.530374
0.536283
0.542250
0.548277
0.554363
0.560510
0.566717
0.572986
0.579317
0.585709
0.592165
0.598684
0.605268
0.611916
0.618629
0.625408
0.632254
0.639167
0.646147
0.653195
0.660313
0.667499
0.674756
0.682083
0.689482
0.696953
0.704496
0.712113
0.719803
0.727568
0.735409
0.743325
0.751317
0.759387
0.767535
0.775762
0.784067
0.792453
0.800920
0.809468
0.818098
0.826811
0.835608
0.844489
0.853455
0.862507
0.871646
0.880872
0.890187
0.899590
0.909083
0.918666
0.928341
0.938108
0.947968
0.957922
0.967970
0.978114
0.988354
0.998691
1.009126
1.019660
1.030293
1.041027
1.051863
1.062801
1.073842
1.084987
1.096237
1.107593
1.119056
1.130627
1.142307
1.154097
1.165997
1.178008
1.190133
1.202371
1.214723
1.227192
1.239776
1.252479
1.265300
1.278241
1.291302
1.304486
1.317792
1.331222
1.344777
1.358458
1.372266
1.386203
1.400269
1.414465
1.428793
1.443254
1.457849
1.472578
1.487445
1.502448
1.517590
1.532872
1.548295
1.563861
1.579570
1.595423
1.611423
1.627569
1.643865
1.660310
1.676906
1.693654
1.710557
1.727614
1.744828
1.762199
1.779729
1.797420
1.815273
1.833288
1.851469
1.869815
1.888329
1.907012
1.925865
1.944890
1.964088
1.983461
2.003010
2.022736
2.042643
2.062729
2.082999
2.103452
2.124090
2.144916
2.165930
2.187135
2.208531
2.230121
2.251906
2.273888
2.296068
2.318449
2.341032
2.363818
2.386809
2.410008
2.433415
2.457033
2.480863
2.504908
2.529169
2.553647
2.578345
2.603265
2.628408
2.653776
2.679372
2.705197
2.731253
2.757542
2.784065
2.810826
2.837826
2.865067
2.892550
2.920279
2.948255
2.976480
3.004956
3.033686
3.062671
3.091914
3.121416
3.151181
3.181209
3.211504
3.242068
3.272902
3.304010
3.335393
3.367053
3.398994
3.431217
3.463724
3.496519
3.529603
3.562978
3.596648
3.630615
3.664881
3.699448
3.734319
3.769497
3.804984
3.840783
3.876896
3.913326
3.950076
3.987147
4.024543
4.062267
4.100320
4.138707
4.177428
4.216488
4.255890
4.295634
4.335726
4.376167
4.416960
4.458108
4.499614
4.541482
4.583713
4.626311
4.669278
4.712618
4.756335
4.800429
4.844906
4.889768
4.935017
4.980658
5.026693
5.073126
5.119959
5.167195
5.214839
5.262893
5.311361
5.360245
5.409549
5.459277
5.509432
5.560017
5.611035
5.662490
5.714386
5.766726
5.819513
5.872750
5.926443
5.980593
6.035204
6.090281
6.145826
6.201843
6.258337
6.315310
6.372766
6.430709
6.489144
6.548072
6.607499
6.667428
6.727863
6.788808
6.850267
6.912243
6.974740
7.037763
7.101314
7.165400
7.230022
7.295186
7.360895
7.427153
7.493964
7.561333
7.629264
7.697760
7.766826
7.836466
7.906684
7.977484
8.048871
8.120848
8.193421
8.266593
8.340368
8.414751
8.489746
8.565357
8.641589
8.718447
8.795933
8.874054
8.952813
9.032214
9.112262
9.192962
9.274317
9.356333
9.439013
9.522365
9.606396
9.691115
9.776528
9.862643
9.949469
10.037012
10.125279
10.214278
10.304017
10.394502
10.485740
10.577738
10.670503
10.764041
10.858360
10.953465
11.049362
11.146059
11.243560
11.341872
11.441000
11.540951
11.641730
11.743341
11.845791
11.949085
12.053227
12.158223
12.264078
12.370796
12.478382
12.586841
