12.696178
0.014506
0.014604
0.014682
0.014745
0.014795
0.014834
0.014866
0.014892
0.014912
0.014929
0.014942
0.014952
0.014960
0.014967
0.014973
0.014977
0.014980
0.014983
0.014985
0.014987
0.014988
0.014989
0.014990
0.014991
0.014992
0.014992
0.014993
0.014993
0.014993
0.014993
0.014993
0.014994
0.014994
0.014994
0.014994
0.014994
0.014994
0.014994
0.014994
0.014994
0.014994
0.014994
0.014994
0.014994
0.014994
0.014994
0.014994
0.014994
0.014994
0.014994
0.014994
0.014994
0.014994
0.014994
0.014994
0.014994
0.014994
0.014994
0.014994
0.014994
0.014994
0.014994
0.014995
0.014995
0.014995
0.014995
0.014995
0.014995
0.014995
0.014995
0.014995
0.014995
0.014995
0.014995
0.014995
0.014995
0.014995
0.014995
0.014995
0.014995
0.014995
0.014995
0.014995
0.014995
0.014995
0.014995
0.014995
0.014995
0.014995
0.014995
0.014995
0.014995
0.014995
0.014995
0.014995
0.014995
0.014995
0.014995
0.014996
0.014996
0.014996
0.014996
0.014996
0.014996
0.014996
0.014996
0.014996
0.014996
0.014996
0.014996
0.014996
0.014996
0.014996
0.014996
0.014996
0.014996
0.014996
0.014996
0.014996
0.014996
0.014996
0.014996
0.014996
0.014997
0.014997
0.014997
0.014997
0.014997
0.014997
0.014997
0.014997
0.014997
0.014997
0.014997
0.014997
0.014997
0.014997
0.014997
0.014997
0.014997
0.014997
0.014997
0.014997
0.014997
0.014998
0.014998
0.014998
0.014998
0.014998
0.014998
0.014998
0.014998
0.014998
0.014998
0.014998
0.014998
0.014998
0.014998
0.014998
0.014998
0.014998
0.014998
0.014998
0.014999
0.014999
0.014999
0.014999
0.014999
0.014999
0.014999
0.014999
0.014999
0.014999
0.014999
0.014999
0.014999
0.014999
0.014999
0.014999
0.015000
0.015000
0.015000
0.015000
0.015004
0.015025
0.015071
0.015154
0.015285
0.015471
0.015712
0.016008
0.016358
0.016764
0.017225
0.017740
0.018310
0.018935
0.019614
0.020348
0.021137
0.021979
0.022876
0.023827
0.024832
0.025890
0.027003
0.028169
0.029389
0.030663
0.031990
0.033371
0.034804
0.036291
0.037831
0.039425
0.041071
0.042770
0.044521
0.046326
0.048183
0.050092
0.052054
0.054068
0.056134
0.058251
0.060421
0.062642
0.064915
0.067239
0.069614
0.072040
0.074518
0.077046
0.079624
0.082253
0.084933
0.087662
0.090442
0.093271
0.096150
0.099078
0.102056
0.105083
0.108159
0.111284
0.114458
0.117681
0.120951
0.124271
0.127638
0.131053
0.134516
0.138026
0.141584
0.145189
0.148842
0.152541
0.156287
0.160080
0.163919
0.167805
0.171737
0.175715
0.179739
0.183808
0.187924
0.192084
0.196290
0.200541
0.204837
0.209178
0.213564
0.217994
0.222469
0.226988
0.231551
0.236158
0.240809
0.245504
0.250242
0.255024
0.259849
0.264718
0.269629
0.274584
0.279581
0.284621
0.289704
0.294829
0.299997
0.305207
0.310460
0.315755
0.321092
0.326470
0.331891
0.337354
0.342858
0.348404
0.353992
0.359621
0.365292
0.371004
0.376757
0.382552
0.388388
0.394265
0.400183
0.406142
0.412143
0.418184
0.424266
0.430389
0.436553
0.442757
0.449003
0.455289
0.461616
0.467983
0.474391
0.480840
0.487330
0.493860
0.500431
0.507042
0.513694
0.520386
0.527119
0.533893
0.540707
0.547561
0.554456
0.561392
0.568368
0.575385
0.582442
0.589540
0.596678
0.603856
0.611076
0.618335
0.625636
0.632977
0.640358
0.647780
0.655242
0.662745
0.670288
0.677872
0.685496
0.693161
0.700866
0.708612
0.716398
0.724225
0.732091
0.739999
0.747946
0.755934
0.763962
0.772030
0.780138
0.788286
0.796475
0.804703
0.812971
0.821279
0.829626
0.838014
0.846440
0.854906
0.863411
0.871956
0.880539
0.889161
0.897822
0.906522
0.915260
0.924036
0.932850
0.941701
0.950591
0.959517
0.968481
0.977481
0.986518
0.995591
1.004700
1.013844
1.023024
1.032239
1.041488
1.050771
1.060088
1.069439
1.078822
1.088237
1.097684
1.107163
1.116673
1.126213
1.135783
1.145382
1.155009
1.164664
1.174347
1.184056
1.193791
1.203551
1.213335
1.223142
1.232972
1.242824
1.252697
1.262590
1.272502
1.282432
1.292379
1.302343
1.312321
1.322313
1.332319
1.342335
1.352362
1.362399
1.372443
1.382493
1.392549
1.402609
1.412671
1.422735
1.432798
1.442860
1.452918
1.462972
1.473020
1.483059
1.493089
1.503108
1.513114
1.523104
1.533079
1.543035
1.552971
1.562884
1.572774
1.582637
1.592473
1.602278
1.612053
1.621798
1.631512
1.641195
1.650848
1.660470
1.670062
1.679623
1.689153
1.698653
1.708123
1.717562
1.726970
1.736348
1.745695
1.755012
1.764298
1.773554
1.782779
1.791974
1.801138
1.810271
1.819374
1.828446
1.837488
1.846499
1.855480
1.864430
1.873350
1.882239
1.891097
1.899925
1.908722
1.917489
1.926225
1.934931
1.943606
1.952250
1.960864
1.969447
1.978000
1.986522
1.995014
2.003475
2.011905
2.020305
2.028674
2.037013
2.045321
2.053599
2.061846
2.070062
2.078248
2.086403
2.094528
2.102622
2.110685
2.118718
2.126720
2.134692
2.142633
2.150543
2.158423
2.166272
2.174091
2.181879
2.189636
2.197363
2.205059
2.212725
2.220359
2.227964
2.235537
2.243080
2.250593
2.258075
2.265526
2.272946
2.280336
2.287695
2.295024
2.302322
2.309589
2.316826
2.324032
2.331207
2.338352
2.345466
2.352550
2.359602
2.366624
2.373616
2.380576
2.387506
2.394406
2.401274
2.408112
2.414920
2.421696
2.428442
2.435157
2.441842
2.448496
2.455119
2.461711
2.468273
2.474804
2.481304
2.487773
2.494212
2.500620
2.506997
2.513344
2.519660
2.525945
2.532199
2.538422
2.544615
2.550777
2.556908
2.563008
2.569078
2.575117
2.581125
2.587102
2.593048
2.598963
2.604848
2.610702
2.616525
2.622317
2.628078
2.633809
2.639509
2.645177
2.650815
2.656422
2.661998
2.667543
2.673058
2.678541
2.683993
2.689415
2.694806
2.700165
2.705494
2.710792
2.716058
2.721294
2.726499
2.731673
2.736816
2.741927
2.747008
2.752058
2.757077
2.762064
2.767021
2.771946
2.776841
2.781704
2.786536
2.791338
2.796108
2.800847
2.805554
2.810231
2.814876
2.819491
2.824074
2.828625
2.833146
2.837635
2.842093
2.846520
2.850916
2.855280
2.859613
2.863915
2.868185
2.872424
2.876632
2.880808
2.884953
2.889066
2.893149
2.897199
2.901218
2.905206
2.909162
2.913087
2.916980
2.920841
2.924671
2.928470
2.932236
2.935972
2.939675
2.943347
2.946987
2.950596
2.954172
2.957717
2.961230
2.964712
2.968161
2.971579
2.974965
2.978319
2.981641
2.984931
2.988189
2.991415
2.994609
2.997771
3.000900
3.003998
3.007064
3.010097
3.013098
3.016067
3.019004
3.021909
3.024781
3.027621
3.030428
3.033203
3.035945
3.038655
3.041333
3.043977
3.046590
3.049169
3.051716
3.054230
3.056712
3.059160
3.061576
3.063959
3.066309
3.068626
3.070910
3.073161
3.075379
3.077563
3.079715
3.081833
3.083918
3.085970
3.087988
3.089972
3.091924
3.093841
3.095725
3.097576
3.099392
3.101175
3.102924
3.104639
3.106321
3.107968
3.109581
3.111160
3.112704
3.114215
3.115691
3.117133
3.118540
3.119913
3.121251
3.122554
3.123823
3.125056
3.126255
3.127419
3.128548
3.129641
3.130700
3.131723
3.132710
3.133662
3.134579
3.135460
3.136305
3.137114
3.137887
3.138625
3.139326
3.139991
3.140619
3.141211
3.141767
3.142286
3.142768
3.143213
3.143621
3.143992
3.144326
3.144623
3.144882
3.145103
3.145287
3.145433
3.145541
3.145611
3.145642
3.145636
3.145591
3.145507
3.145384
3.145223
3.145022
3.144782
3.144503
3.144184
3.143826
3.143428
3.142990
3.142511
3.141992
3.141433
3.140833
3.140192
3.139510
3.138787
3.138023
3.137217
3.136369
3.135479
3.134546
3.133572
3.132555
3.131495
3.130392
3.129245
3.128056
3.126822
3.125545
3.124223
3.122857
3.121446
3.119991
3.118490
3.116944
3.115353
3.113715
3.112031
3.110301
3.108524
3.106700
3.104829
3.102910
3.100943
3.098928
3.096864
3.094752
3.092591
3.090380
3.088119
3.085809
3.083447
3.081035
3.078572
3.076058
3.073491
3.070873
3.068201
3.065477
3.062700
3.059868
3.056983
3.054043
3.051047
3.047997
3.044891
3.041728
3.038509
3.035232
3.031898
3.028506
3.025055
3.021545
3.017976
3.014346
3.010656
3.006905
3.003092
2.999217
2.995280
2.991279
2.987215
2.983086
2.978892
2.974633
2.970307
2.965915
2.961455
2.956928
2.952332
2.947666
2.942931
2.938125
2.933247
2.928298
2.923276
2.918180
2.913010
2.907766
2.902445
2.897048
2.891574
2.886022
2.880391
2.874681
2.868889
2.863017
2.857062
2.851024
2.844902
2.838695
2.832403
2.826023
2.819556
2.813000
2.806354
2.799618
2.792790
2.785869
2.778854
2.771744
2.764539
2.757236
2.749835
2.742334
2.734733
2.727030
2.719224
2.711314
2.703298
2.695176
2.686946
2.678606
2.670156
2.661594
2.652918
2.644127
2.635221
2.626196
2.617053
2.607789
2.598402
2.588892
2.579257
2.569495
2.559604
2.549583
2.539431
2.529145
2.518723
2.508165
2.497468
2.486630
2.475650
2.464525
2.453254
2.441835
2.430266
2.418545
2.406669
2.394637
2.382447
2.370096
2.357582
2.344904
2.332058
2.319043
2.305857
2.292496
2.278958
2.265242
2.251344
2.237263
2.222995
2.208537
2.193889
2.179045
2.164005
2.148765
2.133322
2.117674
2.101818
2.085750
2.069467
2.052968
2.036248
2.019304
2.002134
1.984733
1.967100
1.949230
1.931119
1.912766
1.894165
1.875314
1.856209
1.836846
1.817222
1.797332
1.777174
1.756742
1.736034
1.715044
1.693770
1.672206
1.650349
1.628195
1.605738
1.582978
1.559912
1.536540
1.512860
1.488869
1.464567
1.439950
1.415016
1.389763
1.364186
1.338284
1.312052
1.285488
1.258586
1.231342
1.203754
1.175814
1.147520
1.118866
1.089847
1.060456
1.030689
1.000539
0.970001
0.939068
0.907733
0.875991
0.843834
0.811255
0.778247
0.744803
0.710916
0.676577
