-3.479728
0.000000
0.000000
0.000000
0.000000
0.000000
0.000000
0.000000
0.000000
0.000000
0.000000
0.000000
0.000000
0.000000
0.000000
0.000000
0.000000
0.000000
0.000000
0.000000
0.000000
0.000000
0.000000
0.000000
0.000000
0.000000
0.000000
0.000000
0.000000
0.000000
0.000000
0.000000
0.000000
0.000000
0.000000
0.000000
0.000000
0.000000
0.000000
0.000000
0.000000
0.000000
0.000000
0.000000
0.000000
0.000000
0.000000
0.000000
0.000000
0.000000
0.000000
0.000000
0.000000
0.000000
0.000000
0.000000
0.000000
0.000000
0.000000
0.000000
0.000000
0.000000
0.000000
0.000000
0.000000
0.000000
0.000000
0.000000
0.000000
0.000000
0.000000
0.000000
0.000000
0.000000
0.000000
0.000000
0.000000
0.000000
0.000000
0.000000
0.000000
0.000000
0.000000
0.000000
0.000000
0.000000
0.000000
0.000000
0.000000
0.000000
0.000000
0.000000
0.000000
0.000000
0.000000
0.000000
0.000000
0.000000
0.000000
0.000000
0.000000
0.000000
0.000000
0.000000
0.000000
0.000000
0.000000
0.000000
0.000000
0.000000
0.000000
0.000000
0.000000
0.000000
0.000000
0.000000
0.000000
0.000000
0.000000
0.000000
0.000000
0.000000
0.000000
0.000000
0.000000
0.000000
0.000000
0.000000
0.000000
0.000000
0.000000
0.000000
0.000000
0.000000
0.000000
0.000000
0.000000
0.000000
0.000000
0.000000
0.000000
0.000000
0.000000
0.000000
0.000000
0.000000
0.000000
0.000000
0.000000
0.000000
0.000000
0.000000
0.000000
0.000000
0.000000
0.000000
0.000000
0.000000
0.000000
0.000000
0.000000
0.000000
0.000000
0.000000
0.000000
0.000000
0.000000
0.000000
0.000000
0.000000
0.000000
0.000000
0.000000
0.000000
0.000000
0.000000
0.000000
0.000000
0.000000
0.000000
0.000000
0.000000
0.000000
0.000000
0.000000
0.000000
0.000000
0.000000
0.000000
-0.000000
-0.000000
-0.000000
-0.000001
-0.000001
-0.000002
-0.000002
-0.000003
-0.000004
-0.000005
-0.000005
-0.000006
-0.000008
-0.000009
-0.000010
-0.000011
-0.000013
-0.000014
-0.000016
-0.000018
-0.000020
-0.000022
-0.000024
-0.000026
-0.000028
-0.000030
-0.000033
-0.000035
-0.000038
-0.000041
-0.000043
-0.000046
-0.000049
-0.000052
-0.000056
-0.000059
-0.000063
-0.000066
-0.000070
-0.000074
-0.000078
-0.000082
-0.000086
-0.000090
-0.000094
-0.000099
-0.000104
-0.000108
-0.000113
-0.000118
-0.000123
-0.000128
-0.000134
-0.000139
-0.000145
-0.000151
-0.000157
-0.000163
-0.000169
-0.000175
-0.000181
-0.000188
-0.000195
-0.000201
-0.000208
-0.000215
-0.000223
-0.000230
-0.000237
-0.000245
-0.000253
-0.000261
-0.000269
-0.000277
-0.000286
-0.000294
-0.000303
-0.000312
-0.000321
-0.000330
-0.000339
-0.000349
-0.000359
-0.000368
-0.000378
-0.000389
-0.000399
-0.000409
-0.000420
-0.000431
-0.000442
-0.000453
-0.000464
-0.000476
-0.000488
-0.000500
-0.000512
-0.000524
-0.000536
-0.000549
-0.000562
-0.000575
-0.000588
-0.000602
-0.000615
-0.000629
-0.000643
-0.000657
-0.000672
-0.000686
-0.000701
-0.000716
-0.000731
-0.000747
-0.000763
-0.000778
-0.000795
-0.000811
-0.000827
-0.000844
-0.000861
-0.000878
-0.000896
-0.000914
-0.000932
-0.000950
-0.000968
-0.000987
-0.001006
-0.001025
-0.001044
-0.001064
-0.001084
-0.001104
-0.001124
-0.001145
-0.001166
-0.001187
-0.001208
-0.001230
-0.001252
-0.001274
-0.001296
-0.001319
-0.001342
-0.001365
-0.001389
-0.001413
-0.001437
-0.001462
-0.001486
-0.001511
-0.001537
-0.001562
-0.001588
-0.001615
-0.001641
-0.001668
-0.001695
-0.001723
-0.001750
-0.001779
-0.001807
-0.001836
-0.001865
-0.001894
-0.001924
-0.001954
-0.001985
-0.002015
-0.002047
-0.002078
-0.002110
-0.002142
-0.002175
-0.002208
-0.002241
-0.002275
-0.002309
-0.002343
-0.002378
-0.002413
-0.002449
-0.002485
-0.002521
-0.002558
-0.002595
-0.002632
-0.002670
-0.002709
-0.002747
-0.002787
-0.002826
-0.002866
-0.002907
-0.002948
-0.002989
-0.003031
-0.003073
-0.003115
-0.003159
-0.003202
-0.003246
-0.003291
-0.003335
-0.003381
-0.003427
-0.003473
-0.003520
-0.003567
-0.003615
-0.003663
-0.003712
-0.003761
-0.003811
-0.003861
-0.003912
-0.003963
-0.004015
-0.004068
-0.004121
-0.004174
-0.004228
-0.004283
-0.004338
-0.004393
-0.004449
-0.004506
-0.004563
-0.004621
-0.004680
-0.004739
-0.004798
-0.004859
-0.004920
-0.004981
-0.005043
-0.005106
-0.005169
-0.005233
-0.005297
-0.005362
-0.005428
-0.005494
-0.005561
-0.005629
-0.005697
-0.005766
-0.005836
-0.005906
-0.005977
-0.006049
-0.006121
-0.006194
-0.006268
-0.006342
-0.006418
-0.006493
-0.006570
-0.006647
-0.006725
-0.006804
-0.006883
-0.006964
-0.007045
-0.007126
-0.007209
-0.007292
-0.007376
-0.007461
-0.007546
-0.007633
-0.007720
-0.007808
-0.007897
-0.007986
-0.008077
-0.008168
-0.008260
-0.008353
-0.008447
-0.008542
-0.008637
-0.008734
-0.008831
-0.008929
-0.009028
-0.009129
-0.009229
-0.009331
-0.009434
-0.009538
-0.009643
-0.009748
-0.009855
-0.009962
-0.010071
-0.010181
-0.010291
-0.010403
-0.010515
-0.010629
-0.010743
-0.010859
-0.010976
-0.011094
-0.011212
-0.011332
-0.011453
-0.011575
-0.011699
-0.011823
-0.011948
-0.012075
-0.012202
-0.012331
-0.012461
-0.012592
-0.012725
-0.012858
-0.012993
-0.013129
-0.013266
-0.013404
-0.013544
-0.013685
-0.013827
-0.013970
-0.014115
-0.014261
-0.014408
-0.014556
-0.014706
-0.014858
-0.015010
-0.015164
-0.015319
-0.015476
-0.015634
-0.015793
-0.015954
-0.016117
-0.016280
-0.016445
-0.016612
-0.016780
-0.016950
-0.017121
-0.017293
-0.017468
-0.017643
-0.017820
-0.017999
-0.018180
-0.018362
-0.018545
-0.018730
-0.018917
-0.019106
-0.019296
-0.019487
-0.019681
-0.019876
-0.020073
-0.020272
-0.020472
-0.020674
-0.020878
-0.021083
-0.021291
-0.021500
-0.021711
-0.021924
-0.022139
-0.022356
-0.022574
-0.022795
-0.023017
-0.023242
-0.023468
-0.023696
-0.023927
-0.024159
-0.024393
-0.024630
-0.024868
-0.025109
-0.025351
-0.025596
-0.025843
-0.026092
-0.026343
-0.026596
-0.026852
-0.027110
-0.027370
-0.027632
-0.027897
-0.028163
-0.028433
-0.028704
-0.028978
-0.029254
-0.029533
-0.029814
-0.030097
-0.030383
-0.030672
-0.030962
-0.031256
-0.031552
-0.031850
-0.032151
-0.032455
-0.032761
-0.033070
-0.033382
-0.033696
-0.034013
-0.034333
-0.034656
-0.034981
-0.035309
-0.035640
-0.035974
-0.036311
-0.036650
-0.036993
-0.037338
-0.037687
-0.038038
-0.038392
-0.038750
-0.039111
-0.039474
-0.039841
-0.040211
-0.040584
-0.040961
-0.041340
-0.041723
-0.042109
-0.042499
-0.042892
-0.043288
-0.043687
-0.044090
-0.044497
-0.044907
-0.045320
-0.045737
-0.046158
-0.046582
-0.047010
-0.047442
-0.047877
-0.048316
-0.048758
-0.049205
-0.049655
-0.050109
-0.050567
-0.051029
-0.051495
-0.051965
-0.052439
-0.052917
-0.053399
-0.053886
-0.054376
-0.054871
-0.055369
-0.055872
-0.056380
-0.056891
-0.057407
-0.057928
-0.058453
-0.058982
-0.059516
-0.060055
-0.060598
-0.061145
-0.061698
-0.062255
-0.062817
-0.063383
-0.063955
-0.064531
-0.065112
-0.065699
-0.066290
-0.066886
-0.067487
-0.068094
-0.068706
-0.069322
-0.069944
-0.070572
-0.071205
-0.071843
-0.072486
-0.073135
-0.073790
-0.074450
-0.075116
-0.075787
-0.076464
-0.077147
-0.077836
-0.078530
-0.079231
-0.079937
-0.080650
-0.081368
-0.082093
-0.082824
-0.083561
-0.084304
-0.085053
-0.085809
-0.086572
-0.087340
-0.088116
-0.088898
-0.089686
-0.090482
-0.091284
-0.092092
-0.092908
-0.093731
-0.094560
-0.095397
-0.096241
-0.097092
-0.097950
-0.098815
-0.099688
-0.100568
-0.101456
-0.102351
-0.103254
-0.104164
-0.105083
-0.106009
-0.106942
-0.107884
-0.108834
-0.109792
-0.110757
-0.111731
-0.112714
-0.113704
-0.114704
-0.115711
-0.116727
-0.117752
-0.118785
-0.119827
-0.120878
-0.121938
-0.123007
-0.124085
-0.125172
-0.126268
-0.127374
-0.128488
-0.129613
-0.130747
-0.131890
-0.133043
-0.134206
-0.135379
-0.136561
-0.137754
-0.138957
-0.140170
-0.141393
-0.142627
-0.143871
-0.145125
-0.146390
-0.147666
-0.148953
-0.150251
-0.151559
-0.152879
-0.154210
-0.155552
-0.156905
-0.158270
-0.159646
-0.161034
-0.162434
-0.163846
-0.165270
-0.166705
-0.168153
-0.169613
-0.171085
-0.172570
-0.174068
-0.175578
-0.177101
-0.178636
-0.180185
-0.181747
-0.183322
-0.184910
-0.186512
-0.188127
-0.189756
-0.191399
-0.193056
-0.194726
-0.196411
-0.198110
-0.199824
-0.201552
-0.203294
-0.205051
-0.206823
-0.208610
-0.210413
-0.212230
-0.214063
-0.215911
-0.217775
-0.219655
-0.221551
-0.223462
-0.225390
-0.227334
-0.229295
-0.231272
-0.233265
-0.235276
-0.237304
-0.239349
-0.241411
-0.243490
-0.245587
-0.247702
-0.249835
-0.251985
-0.254154
-0.256342
-0.258547
-0.260772
-0.263015
-0.265277
-0.267558
-0.269859
-0.272178
-0.274518
-0.276877
-0.279257
-0.281656
-0.284076
-0.286516
-0.288976
-0.291458
-0.293960
-0.296484
-0.299029
-0.301595
-0.304183
-0.306793
-0.309425
-0.312080
-0.314756
-0.317456
-0.320178
-0.322923
-0.325691
-0.328483
-0.331298
-0.334137
-0.337000
-0.339888
-0.342799
-0.345735
-0.348696
-0.351683
-0.354694
-0.357731
-0.360793
-0.363881
-0.366996
-0.370136
-0.373303
-0.376497
-0.379718
-0.382967
-0.386242
-0.389545
-0.392877
-0.396236
-0.399624
-0.403040
-0.406485
-0.409959
-0.413463
-0.416996
-0.420559
-0.424153
-0.427776
-0.431430
-0.435116
-0.438832
-0.442579
-0.446359
-0.450170
-0.454013
-0.457889
-0.461798
-0.465740
-0.469715
-0.473723
-0.477766
-0.481842
-0.485953
-0.490099
-0.494280
-0.498496
-0.502748
-0.507036
-0.511360
-0.515721
-0.520118
-0.524553
-0.529025
-0.533535
-0.538083
-0.542670
-0.547295
-0.551960
-0.556663
-0.561407
-0.566191
-0.571015
-0.575880
-0.580786
-0.585734
-0.590724
-0.595755
-0.600830
-0.605947
-0.611107
-0.616312
-0.621560
-0.626852
-0.632190
-0.637572
-0.643001
-0.648475
-0.653995
-0.659562
-0.665176
-0.670838
-0.676548
-0.682306
-0.688113
-0.693968
-0.699874
-0.705829
-0.711835
-0.717892
-0.724000
-0.730160
-0.736372
-0.742636
-0.748954
-0.755325
-0.761750
-0.768230
-0.774764
-0.781354
-0.788000
-0.794702
-0.801461
-0.808278
-0.815154
-0.822088
-0.829083
-0.836137
-0.843252
-0.850429
-0.857668
-0.864970
-0.872336
-0.879765
-0.887259
-0.894819
-0.902444
-0.910136
-0.917895
-0.925723
-0.933618
-0.941583
-0.949618
-0.957724
-0.965900
-0.974148
-0.982469
-0.990863
-0.999330
-1.007872
-1.016489
-1.025181
-1.033950
