-4.587657
-0.000000
0.000000
0.000000
0.000000
-0.000000
-0.000000
-0.000000
-0.000000
0.000000
0.000000
-0.000000
-0.000000
0.000000
-0.000000
-0.000000
0.000000
0.000000
0.000000
0.000000
-0.000000
-0.000000
-0.000000
0.000000
0.000000
0.000000
-0.000000
-0.000000
0.000000
-0.000000
0.000000
-0.000000
-0.000000
0.000000
-0.000000
-0.000000
0.000000
0.000000
-0.000000
-0.000000
-0.000000
-0.000000
0.000000
0.000000
-0.000000
-0.000000
0.000000
0.000000
0.000000
-0.000000
0.000000
0.000000
0.000000
0.000000
-0.000000
-0.000000
-0.000000
-0.000000
0.000000
-0.000000
-0.000000
0.000000
0.000000
0.000000
-0.000000
0.000000
-0.000000
-0.000000
0.000000
-0.000000
0.000000
0.000000
-0.000000
0.000000
-0.000000
-0.000000
-0.000000
-0.000000
0.000000
-0.000000
0.000000
0.000000
0.000000
0.000000
-0.000000
-0.000000
-0.000000
0.000000
0.000000
-0.000000
0.000000
-0.000000
0.000000
0.000000
0.000000
0.000000
-0.000000
0.000000
0.000000
0.000000
-0.000000
0.000000
0.000000
0.000000
0.000000
-0.000000
0.000000
0.000000
0.000000
-0.000000
0.000000
-0.000000
-0.000000
-0.000000
-0.000000
-0.000000
-0.000000
0.000000
0.000000
0.000000
0.000000
0.000000
-0.000000
-0.000000
0.000000
-0.000000
-0.000000
0.000000
0.000000
-0.000000
0.000000
0.000000
0.000000
-0.000000
-0.000000
-0.000000
-0.000000
-0.000000
0.000000
-0.000000
-0.000000
0.000000
-0.000000
0.000000
0.000000
0.000000
0.000000
0.000000
-0.000000
0.000000
-0.000000
0.000000
-0.000000
-0.000000
-0.000000
0.000000
0.000000
0.000000
0.000000
-0.000000
0.000000
-0.000000
-0.000000
-0.000000
0.000000
0.000000
-0.000000
-0.000000
0.000000
-0.000000
0.000000
-0.000000
-0.000000
-0.000000
0.000000
0.000000
0.000000
-0.000000
-0.000000
-0.000000
-0.000000
-0.000000
-0.000000
-0.000000
-0.000000
-0.000000
-0.000000
-0.000000
-0.000000
-0.000008
-0.000016
-0.000024
-0.000032
-0.000041
-0.000049
-0.000058
-0.000066
-0.000075
-0.000083
-0.000092
-0.000101
-0.000110
-0.000119
-0.000128
-0.000137
-0.000146
-0.000155
-0.000164
-0.000174
-0.000183
-0.000193
-0.000203
-0.000212
-0.000222
-0.000232
-0.000242
-0.000252
-0.000263
-0.000273
-0.000283
-0.000294
-0.000304
-0.000315
-0.000326
-0.000336
-0.000347
-0.000358
-0.000369
-0.000381
-0.000392
-0.000403
-0.000415
-0.000427
-0.000438
-0.000450
-0.000462
-0.000474
-0.000486
-0.000498
-0.000511
-0.000523
-0.000536
-0.000548
-0.000561
-0.000574
-0.000587
-0.000600
-0.000613
-0.000626
-0.000640
-0.000653
-0.000667
-0.000681
-0.000695
-0.000709
-0.000723
-0.000737
-0.000752
-0.000766
-0.000781
-0.000796
-0.000810
-0.000825
-0.000841
-0.000856
-0.000871
-0.000887
-0.000903
-0.000918
-0.000934
-0.000950
-0.000967
-0.000983
-0.001000
-0.001016
-0.001033
-0.001050
-0.001067
-0.001084
-0.001102
-0.001119
-0.001137
-0.001155
-0.001173
-0.001191
-0.001209
-0.001228
-0.001246
-0.001265
-0.001284
-0.001303
-0.001323
-0.001342
-0.001362
-0.001381
-0.001401
-0.001422
-0.001442
-0.001462
-0.001483
-0.001504
-0.001525
-0.001546
-0.001568
-0.001589
-0.001611
-0.001633
-0.001655
-0.001677
-0.001700
-0.001723
-0.001745
-0.001769
-0.001792
-0.001815
-0.001839
-0.001863
-0.001887
-0.001912
-0.001936
-0.001961
-0.001986
-0.002011
-0.002037
-0.002062
-0.002088
-0.002114
-0.002140
-0.002167
-0.002194
-0.002221
-0.002248
-0.002276
-0.002303
-0.002331
-0.002359
-0.002388
-0.002417
-0.002446
-0.002475
-0.002504
-0.002534
-0.002564
-0.002594
-0.002625
-0.002655
-0.002686
-0.002718
-0.002749
-0.002781
-0.002813
-0.002846
-0.002878
-0.002911
-0.002945
-0.002978
-0.003012
-0.003046
-0.003080
-0.003115
-0.003150
-0.003186
-0.003221
-0.003257
-0.003293
-0.003330
-0.003367
-0.003404
-0.003441
-0.003479
-0.003518
-0.003556
-0.003595
-0.003634
-0.003674
-0.003713
-0.003754
-0.003794
-0.003835
-0.003876
-0.003918
-0.003960
-0.004002
-0.004045
-0.004088
-0.004131
-0.004175
-0.004219
-0.004264
-0.004309
-0.004354
-0.004399
-0.004446
-0.004492
-0.004539
-0.004586
-0.004634
-0.004682
-0.004730
-0.004779
-0.004828
-0.004878
-0.004928
-0.004979
-0.005029
-0.005081
-0.005133
-0.005185
-0.005237
-0.005291
-0.005344
-0.005398
-0.005452
-0.005507
-0.005563
-0.005618
-0.005674
-0.005731
-0.005788
-0.005846
-0.005904
-0.005962
-0.006021
-0.006081
-0.006141
-0.006201
-0.006262
-0.006323
-0.006385
-0.006447
-0.006510
-0.006574
-0.006637
-0.006702
-0.006766
-0.006832
-0.006898
-0.006964
-0.007031
-0.007098
-0.007166
-0.007234
-0.007303
-0.007372
-0.007442
-0.007513
-0.007583
-0.007655
-0.007727
-0.007799
-0.007873
-0.007946
-0.008021
-0.008096
-0.008171
-0.008247
-0.008324
-0.008402
-0.008480
-0.008559
-0.008638
-0.008718
-0.008799
-0.008880
-0.008963
-0.009046
-0.009129
-0.009213
-0.009298
-0.009384
-0.009470
-0.009557
-0.009645
-0.009734
-0.009823
-0.009913
-0.010004
-0.010096
-0.010188
-0.010281
-0.010375
-0.010470
-0.010565
-0.010662
-0.010759
-0.010857
-0.010955
-0.011055
-0.011155
-0.011257
-0.011359
-0.011462
-0.011566
-0.011670
-0.011776
-0.011882
-0.011990
-0.012098
-0.012207
-0.012317
-0.012428
-0.012540
-0.012653
-0.012767
-0.012881
-0.012997
-0.013114
-0.013232
-0.013350
-0.013470
-0.013591
-0.013712
-0.013835
-0.013959
-0.014083
-0.014209
-0.014336
-0.014464
-0.014593
-0.014723
-0.014854
-0.014987
-0.015120
-0.015255
-0.015390
-0.015527
-0.015665
-0.015804
-0.015944
-0.016086
-0.016228
-0.016372
-0.016517
-0.016663
-0.016811
-0.016960
-0.017110
-0.017261
-0.017413
-0.017567
-0.017722
-0.017878
-0.018036
-0.018195
-0.018355
-0.018517
-0.018680
-0.018844
-0.019010
-0.019177
-0.019346
-0.019516
-0.019687
-0.019860
-0.020034
-0.020210
-0.020387
-0.020566
-0.020746
-0.020928
-0.021111
-0.021296
-0.021482
-0.021670
-0.021860
-0.022051
-0.022243
-0.022438
-0.022634
-0.022831
-0.023030
-0.023231
-0.023434
-0.023638
-0.023844
-0.024052
-0.024261
-0.024473
-0.024686
-0.024900
-0.025117
-0.025335
-0.025556
-0.025778
-0.026002
-0.026228
-0.026455
-0.026685
-0.026916
-0.027150
-0.027385
-0.027623
-0.027862
-0.028104
-0.028347
-0.028593
-0.028840
-0.029090
-0.029342
-0.029596
-0.029852
-0.030110
-0.030370
-0.030633
-0.030897
-0.031164
-0.031433
-0.031705
-0.031979
-0.032255
-0.032533
-0.032813
-0.033096
-0.033382
-0.033670
-0.033960
-0.034252
-0.034548
-0.034845
-0.035145
-0.035448
-0.035753
-0.036061
-0.036371
-0.036684
-0.036999
-0.037317
-0.037638
-0.037962
-0.038288
-0.038617
-0.038949
-0.039283
-0.039621
-0.039961
-0.040304
-0.040650
-0.040998
-0.041350
-0.041705
-0.042063
-0.042423
-0.042787
-0.043154
-0.043523
-0.043896
-0.044272
-0.044652
-0.045034
-0.045420
-0.045809
-0.046201
-0.046596
-0.046995
-0.047397
-0.047802
-0.048211
-0.048624
-0.049039
-0.049459
-0.049881
-0.050308
-0.050738
-0.051171
-0.051608
-0.052049
-0.052494
-0.052942
-0.053394
-0.053850
-0.054310
-0.054773
-0.055240
-0.055712
-0.056187
-0.056666
-0.057150
-0.057637
-0.058129
-0.058624
-0.059124
-0.059628
-0.060136
-0.060649
-0.061165
-0.061687
-0.062212
-0.062742
-0.063276
-0.063815
-0.064359
-0.064906
-0.065459
-0.066016
-0.066578
-0.067145
-0.067716
-0.068292
-0.068873
-0.069459
-0.070050
-0.070646
-0.071247
-0.071852
-0.072463
-0.073079
-0.073701
-0.074327
-0.074959
-0.075596
-0.076238
-0.076886
-0.077539
-0.078198
-0.078862
-0.079532
-0.080207
-0.080889
-0.081576
-0.082268
-0.082967
-0.083671
-0.084381
-0.085097
-0.085820
-0.086548
-0.087283
-0.088023
-0.088770
-0.089523
-0.090283
-0.091048
-0.091821
-0.092600
-0.093385
-0.094177
-0.094975
-0.095781
-0.096593
-0.097412
-0.098238
-0.099070
-0.099910
-0.100757
-0.101611
-0.102472
-0.103341
-0.104216
-0.105099
-0.105990
-0.106888
-0.107793
-0.108706
-0.109627
-0.110556
-0.111492
-0.112437
-0.113389
-0.114349
-0.115317
-0.116294
-0.117279
-0.118272
-0.119273
-0.120283
-0.121301
-0.122328
-0.123363
-0.124407
-0.125461
-0.126522
-0.127593
-0.128673
-0.129762
-0.130860
-0.131967
-0.133084
-0.134210
-0.135346
-0.136491
-0.137646
-0.138810
-0.139985
-0.141169
-0.142363
-0.143568
-0.144782
-0.146007
-0.147242
-0.148487
-0.149743
-0.151010
-0.152287
-0.153575
-0.154874
-0.156183
-0.157504
-0.158836
-0.160180
-0.161534
-0.162900
-0.164278
-0.165667
-0.167068
-0.168481
-0.169905
-0.171342
-0.172791
-0.174252
-0.175725
-0.177211
-0.178709
-0.180220
-0.181744
-0.183281
-0.184830
-0.186393
-0.187969
-0.189558
-0.191160
-0.192776
-0.194406
-0.196049
-0.197706
-0.199377
-0.201063
-0.202762
-0.204476
-0.206204
-0.207947
-0.209704
-0.211477
-0.213264
-0.215066
-0.216884
-0.218716
-0.220565
-0.222429
-0.224308
-0.226204
-0.228115
-0.230042
-0.231986
-0.233946
-0.235923
-0.237916
-0.239926
-0.241954
-0.243998
-0.246059
-0.248138
-0.250234
-0.252348
-0.254480
-0.256630
-0.258798
-0.260985
-0.263189
-0.265413
-0.267655
-0.269916
-0.272196
-0.274495
-0.276814
-0.279153
-0.281511
-0.283889
-0.286287
-0.288705
-0.291144
-0.293603
-0.296083
-0.298584
-0.301106
-0.303650
-0.306215
-0.308801
-0.311410
-0.314040
-0.316693
-0.319368
-0.322065
-0.324786
-0.327529
-0.330295
-0.333085
-0.335899
-0.338736
-0.341598
-0.344483
-0.347393
-0.350327
-0.353287
-0.356271
-0.359280
-0.362315
-0.365376
-0.368463
-0.371575
-0.374714
-0.377880
-0.381072
-0.384292
-0.387538
-0.390812
-0.394114
-0.397444
-0.400802
-0.404188
-0.407604
-0.411048
-0.414521
-0.418023
-0.421556
-0.425118
-0.428710
-0.432333
-0.435986
-0.439671
-0.443387
-0.447134
-0.450913
-0.454724
-0.458567
-0.462443
-0.466352
-0.470294
-0.474269
-0.478278
-0.482321
-0.486399
-0.490511
-0.494658
-0.498840
-0.503058
-0.507311
-0.511601
-0.515927
-0.520290
-0.524689
-0.529126
-0.533601
-0.538114
-0.542665
-0.547255
-0.551883
-0.556551
-0.561259
-0.566007
-0.570795
-0.575623
-0.580493
-0.585404
-0.590356
-0.595351
-0.600388
-0.605468
-0.610591
-0.615758
-0.620968
-0.626223
-0.631522
-0.636866
-0.642256
-0.647692
-0.653173
-0.658702
-0.664286
-0.669933
-0.675641
-0.681408
-0.687240
-0.693135
-0.699089
-0.705107
-0.711188
-0.717332
-0.723538
-0.729807
-0.736141
-0.742537
-0.748995
-0.755518
-0.762105
-0.768756
-0.775470
-0.782247
-0.789089
-0.795993
-0.802963
-0.809996
-0.817093
-0.824255
-0.831482
-0.838773
-0.846128
-0.853549
-0.861036
-0.868587
-0.876205
