0.315784
-0.000000
-0.000000
-0.000000
0.000000
0.000000
0.000000
0.000000
0.000000
-0.000000
-0.000000
0.000000
-0.000000
-0.000000
-0.000000
0.000000
-0.000000
-0.000000
-0.000000
-0.000000
-0.000000
-0.000000
0.000000
-0.000000
-0.000000
-0.000000
-0.000000
0.000000
-0.000000
0.000000
0.000000
0.000000
0.000000
-0.000000
0.000000
0.000000
-0.000000
-0.000000
0.000000
0.000000
0.000000
0.000000
0.000000
-0.000000
-0.000000
0.000000
0.000000
-0.000000
-0.000000
0.000000
-0.000000
-0.000000
-0.000000
-0.000000
0.000000
0.000000
0.000000
0.000000
-0.000000
0.000000
0.000000
-0.000000
-0.000000
-0.000000
0.000000
0.000000
0.000000
0.000000
-0.000000
-0.000000
0.000000
0.000000
0.000000
-0.000000
0.000000
-0.000000
0.000000
0.000000
-0.000000
-0.000000
-0.000000
-0.000000
-0.000000
-0.000000
0.000000
-0.000000
-0.000000
0.000000
-0.000000
0.000000
-0.000000
-0.000000
-0.000000
-0.000000
-0.000000
0.000000
0.000000
0.000000
-0.000000
-0.000000
0.000000
-0.000000
-0.000000
-0.000000
-0.000000
0.000000
-0.000000
-0.000000
0.000000
0.000000
-0.000000
0.000000
0.000000
0.000000
0.000000
0.000000
0.000000
-0.000000
-0.000000
-0.000000
-0.000000
-0.000000
0.000000
0.000000
0.000000
0.000000
0.000000
0.000000
-0.000000
0.000000
0.000000
0.000000
-0.000000
0.000000
0.000000
0.000000
0.000000
0.000000
-0.000000
0.000000
0.000000
-0.000000
0.000000
-0.000000
0.000000
0.000000
0.000000
0.000000
0.000000
0.000000
0.000000
0.000000
0.000000
0.000000
0.000000
-0.000000
-0.000000
0.000000
0.000000
0.000000
0.000000
0.000000
0.000000
0.000000
0.000000
0.000000
0.000000
0.000000
-0.000000
0.000000
-0.000000
0.000000
0.000000
0.000000
-0.000000
-0.000000
-0.000000
0.000000
0.000000
0.000000
0.000000
0.000000
0.000000
0.000000
0.000000
0.000000
-0.000000
-0.000000
-0.000000
-0.000000
0.000000
0.000000
0.000000
0.000000
0.000000
0.000000
0.000001
0.000001
0.000001
0.000002
0.000002
0.000003
0.000004
0.000005
0.000006
0.000007
0.000008
0.000010
0.000011
0.000013
0.000015
0.000018
0.000020
0.000023
0.000026
0.000029
0.000032
0.000036
0.000040
0.000044
0.000048
0.000053
0.000058
0.000064
0.000069
0.000075
0.000082
0.000089
0.000096
0.000104
0.000112
0.000120
0.000129
0.000138
0.000148
0.000158
0.000169
0.000180
0.000192
0.000204
0.000216
0.000230
0.000243
0.000258
0.000273
0.000288
0.000304
0.000321
0.000338
0.000356
0.000375
0.000394
0.000414
0.000435
0.000457
0.000479
0.000502
0.000525
0.000550
0.000575
0.000601
0.000628
0.000655
0.000684
0.000713
0.000743
0.000774
0.000806
0.000839
0.000873
0.000908
0.000944
0.000981
0.001018
0.001057
0.001097
0.001138
0.001180
0.001223
0.001267
0.001312
0.001359
0.001406
0.001455
0.001505
0.001556
0.001609
0.001662
0.001717
0.001773
0.001831
0.001890
0.001950
0.002011
0.002074
0.002139
0.002205
0.002272
0.002340
0.002411
0.002482
0.002556
0.002630
0.002707
0.002785
0.002864
0.002946
0.003028
0.003113
0.003199
0.003287
0.003377
0.003469
0.003562
0.003657
0.003754
0.003853
0.003954
0.004057
0.004161
0.004268
0.004377
0.004487
0.004600
0.004715
0.004832
0.004951
0.005072
0.005196
0.005321
0.005449
0.005579
0.005712
0.005846
0.005984
0.006123
0.006265
0.006409
0.006556
0.006705
0.006857
0.007012
0.007169
0.007328
0.007490
0.007655
0.007823
0.007993
0.008166
0.008342
0.008521
0.008703
0.008887
0.009075
0.009265
0.009459
0.009655
0.009855
0.010058
0.010264
0.010473
0.010685
0.010900
0.011119
0.011341
0.011566
0.011795
0.012027
0.012263
0.012502
0.012745
0.012991
0.013241
0.013494
0.013752
0.014012
0.014277
0.014545
0.014818
0.015094
0.015374
0.015657
0.015945
0.016237
0.016533
0.016833
0.017137
0.017445
0.017758
0.018075
0.018396
0.018721
0.019050
0.019384
0.019723
0.020066
0.020413
0.020765
0.021122
0.021483
0.021849
0.022219
0.022594
0.022974
0.023359
0.023748
0.024143
0.024542
0.024947
0.025356
0.025770
0.026189
0.026614
0.027043
0.027478
0.027917
0.028362
0.028813
0.029268
0.029729
0.030195
0.030666
0.031143
0.031626
0.032113
0.032606
0.033105
0.033609
0.034119
0.034634
0.035155
0.035682
0.036214
0.036753
0.037296
0.037846
0.038401
0.038962
0.039529
0.040102
0.040680
0.041265
0.041855
0.042451
0.043054
0.043662
0.044276
0.044896
0.045522
0.046154
0.046793
0.047440
0.048094
0.048756
0.049426
0.050103
0.050788
0.051481
0.052182
0.052891
0.053608
0.054334
0.055068
0.055810
0.056560
0.057319
0.058087
0.058863
0.059648
0.060442
0.061245
0.062057
0.062878
0.063708
0.064547
0.065396
0.066254
0.067122
0.067999
0.068886
0.069782
0.070689
0.071605
0.072532
0.073468
0.074415
0.075372
0.076340
0.077318
0.078307
0.079306
0.080316
0.081337
0.082369
0.083412
0.084467
0.085532
0.086609
0.087698
0.088798
0.089910
0.091034
0.092169
0.093317
0.094476
0.095648
0.096833
0.098029
0.099239
0.100461
0.101696
0.102943
0.104204
0.105478
0.106765
0.108066
0.109380
0.110708
0.112049
0.113404
0.114774
0.116157
0.117555
0.118967
0.120393
0.121834
0.123290
0.124761
0.126247
0.127748
0.129264
0.130796
0.132343
0.133906
0.135485
0.137079
0.138690
0.140317
0.141961
0.143621
0.145297
0.146991
0.148702
0.150429
0.152174
0.153937
0.155717
0.157514
0.159330
0.161164
0.163016
0.164886
0.166775
0.168683
0.170609
0.172554
0.174519
0.176503
0.178507
0.180530
0.182573
0.184637
0.186720
0.188824
0.190949
0.193094
0.195260
0.197447
0.199656
0.201886
0.204138
0.206412
0.208708
0.211026
0.213366
0.215729
0.218115
0.220524
0.222957
0.225413
0.227892
0.230395
0.232923
0.235474
0.238050
0.240651
0.243277
0.245928
0.248604
0.251306
0.254034
0.256787
0.259567
0.262373
0.265206
0.268066
0.270953
0.273868
0.276810
0.279780
0.282778
0.285804
0.288860
0.291943
0.295056
0.298199
0.301371
0.304573
0.307804
0.311067
0.314360
0.317683
0.321038
0.324425
0.327843
0.331293
0.334775
0.338290
0.341838
0.345419
0.349033
0.352681
0.356362
0.360078
0.363829
0.367614
0.371435
0.375291
0.379183
0.383110
0.387074
0.391075
0.395113
0.399188
0.403301
0.407451
0.411640
0.415867
0.420134
0.424439
0.428785
0.433170
0.437595
0.442061
0.446568
0.451117
0.455707
0.460339
0.465013
0.469730
0.474490
0.479294
0.484142
0.489034
0.493970
0.498951
0.503978
0.509051
0.514169
0.519334
0.524546
0.529806
0.535113
0.540468
0.545872
0.551325
0.556827
0.562379
0.567982
0.573635
0.579338
0.585094
0.590901
0.596761
0.602674
0.608640
0.614660
0.620734
0.626862
0.633046
0.639285
0.645581
0.651933
0.658342
0.664808
0.671333
0.677915
0.684557
0.691259
0.698020
0.704842
0.711725
0.718669
0.725676
0.732745
0.739877
0.747072
0.754332
0.761657
0.769047
0.776503
0.784025
0.791613
0.799270
0.806994
0.814788
0.822650
0.830582
0.838585
0.846658
0.854803
0.863021
0.871311
0.879674
0.888112
0.896624
0.905211
0.913875
0.922615
0.931432
0.940327
0.949300
0.958353
0.967485
0.976698
0.985992
0.995368
1.004827
1.014368
1.023994
1.033704
1.043500
1.053382
1.063350
1.073406
1.083550
1.093784
1.104107
1.114520
1.125025
1.135621
1.146311
1.157094
1.167971
1.178944
1.190012
1.201177
1.212440
1.223801
1.235261
1.246821
1.258482
1.270245
1.282110
1.294079
1.306151
1.318329
1.330613
1.343004
1.355502
1.368109
1.380825
1.393652
1.406591
1.419641
1.432805
1.446083
1.459476
1.472986
1.486612
1.500356
1.514219
1.528202
1.542307
1.556533
1.570882
1.585355
1.599952
1.614676
1.629527
1.644507
1.659615
1.674853
1.690223
1.705726
1.721361
1.737132
1.753037
1.769080
1.785261
1.801581
1.818040
1.834642
1.851385
1.868273
1.885305
1.902483
1.919808
1.937282
1.954905
1.972680
1.990606
2.008686
2.026920
2.045310
2.063857
2.082562
2.101427
2.120453
2.139641
2.158993
2.178509
2.198192
2.218042
2.238061
2.258251
2.278612
2.299146
2.319854
2.340738
2.361800
2.383040
2.404460
2.426061
2.447846
2.469814
2.491969
2.514311
2.536842
2.559563
2.582476
2.605583
2.628884
2.652382
2.676078
2.699973
2.724070
2.748369
2.772872
2.797582
2.822499
2.847625
2.872962
2.898511
2.924274
2.950253
2.976450
3.002866
3.029502
3.056361
3.083444
3.110753
3.138290
3.166057
3.194054
3.222285
3.250750
3.279452
3.308392
3.337572
3.366994
3.396661
3.426572
3.456732
3.487140
3.517800
3.548713
3.579881
3.611306
3.642989
3.674934
3.707141
3.739613
3.772351
3.805357
3.838635
3.872184
3.906008
3.940109
3.974487
4.009147
4.044088
4.079314
4.114827
4.150628
4.186720
4.223104
4.259783
4.296759
4.334034
4.371609
4.409488
4.447672
4.486162
4.524963
4.564074
4.603499
4.643240
4.683299
4.723678
4.764378
4.805403
4.846755
4.888434
4.930445
4.972788
5.015466
5.058482
5.101836
5.145532
5.189572
5.233958
5.278691
5.323775
5.369211
5.415001
5.461148
5.507653
5.554519
5.601749
5.649343
5.697305
5.745637
5.794340
5.843416
5.892868
5.942699
5.992909
6.043501
6.094478
6.145840
6.197591
6.249733
6.302266
6.355194
6.408519
6.462241
6.516364
6.570890
6.625819
6.681154
6.736898
6.793051
6.849616
6.906595
6.963989
7.021800
7.080030
7.138680
7.197753
7.257249
7.317171
7.377520
7.438298
7.499506
7.561145
7.623218
7.685725
7.748667
7.812047
7.875866
7.940124
8.004822
8.069963
8.135546
8.201574
8.268046
8.335184
8.403135
8.471856
8.541293
8.611543
8.682560
8.754264
8.826740
8.899938
8.973873
9.048483
9.123799
9.199818
9.276496
9.353829
9.431830
9.510480
9.589757
9.669647
9.750134
9.831204
9.912849
9.995070
10.077844
10.161155
10.244999
10.329363
10.414237
10.499609
10.585470
10.671813
10.758630
10.845913
