8.511932
-5.049355
0.009797
0.007791
0.006233
0.004986
0.003988
0.003190
0.002552
0.002042
0.001633
0.001307
0.001045
0.000836
0.000669
0.000535
0.000428
0.000343
0.000274
0.000220
0.000176
0.000141
0.000113
0.000090
0.000072
0.000058
0.000047
0.000038
0.000030
0.000024
0.000020
0.000016
0.000013
0.000011
0.000009
0.000007
0.000006
0.000005
0.000004
0.000004
0.000003
0.000003
0.000003
0.000002
0.000002
0.000002
0.000002
0.000002
0.000002
0.000002
0.000002
0.000002
0.000002
0.000002
0.000002
0.000002
0.000002
0.000002
0.000002
0.000002
0.000002
0.000002
0.000002
0.000002
0.000002
0.000002
0.000002
0.000002
0.000002
0.000002
0.000002
0.000002
0.000002
0.000003
0.000003
0.000003
0.000003
0.000003
0.000003
0.000003
0.000003
0.000003
0.000003
0.000003
0.000003
0.000003
0.000003
0.000003
0.000003
0.000003
0.000003
0.000003
0.000003
0.000003
0.000003
0.000003
0.000003
0.000003
0.000003
0.000003
0.000003
0.000004
0.000004
0.000004
0.000004
0.000004
0.000004
0.000004
0.000004
0.000004
0.000004
0.000004
0.000004
0.000004
0.000004
0.000004
0.000004
0.000004
0.000004
0.000004
0.000004
0.000004
0.000004
0.000004
0.000004
0.000004
0.000004
0.000004
0.000004
0.000005
0.000005
0.000005
0.000005
0.000005
0.000005
0.000005
0.000005
0.000005
0.000005
0.000005
0.000005
0.000005
0.000005
0.000005
0.000005
0.000005
0.000005
0.000005
0.000005
0.000005
0.000005
0.000005
0.000005
0.000005
0.000005
0.000005
0.000005
0.000006
0.000006
0.000006
0.000006
0.000006
0.000006
0.000006
0.000006
0.000006
0.000006
0.000006
0.000006
0.000006
0.000006
0.000006
0.000006
0.000006
0.000006
0.000006
0.000006
0.000006
0.000006
0.000006
0.000006
0.000006
0.000006
0.000006
0.000474
0.002011
0.004622
0.008312
0.013089
0.018592
0.024093
0.029593
0.035089
0.040580
0.046060
0.051534
0.057006
0.062473
0.067935
0.073387
0.078831
0.084262
0.089682
0.095091
0.100488
0.105876
0.111255
0.116628
0.121997
0.127361
0.132713
0.138053
0.143380
0.148700
0.154010
0.159312
0.164604
0.169892
0.175170
0.180439
0.185700
0.190946
0.196173
0.201386
0.206590
0.211776
0.216951
0.222115
0.227270
0.232406
0.237531
0.242637
0.247726
0.252799
0.257861
0.262903
0.267933
0.272948
0.277944
0.282926
0.287895
0.292846
0.297787
0.302707
0.307615
0.312505
0.317379
0.322238
0.327084
0.331913
0.336722
0.341517
0.346293
0.351052
0.355794
0.360518
0.365229
0.369924
0.374606
0.379274
0.383928
0.388569
0.393191
0.397799
0.402392
0.406968
0.411525
0.416070
0.420599
0.425113
0.429612
0.434097
0.438569
0.443026
0.447470
0.451899
0.456313
0.460716
0.465103
0.469476
0.473835
0.478180
0.482512
0.486834
0.491145
0.495445
0.499734
0.504013
0.508281
0.512540
0.516790
0.521030
0.525259
0.529479
0.533688
0.537890
0.542082
0.546266
0.550441
0.554609
0.558769
0.562923
0.567070
0.571211
0.575344
0.579471
0.583592
0.587707
0.591817
0.595923
0.600023
0.604119
0.608211
0.612299
0.616383
0.620464
0.624542
0.628617
0.632689
0.636759
0.640826
0.644891
0.648954
0.653016
0.657075
0.661134
0.665190
0.669246
0.673301
0.677356
0.681409
0.685463
0.689516
0.693568
0.697621
0.701673
0.705725
0.709778
0.713830
0.717882
0.721934
0.725986
0.730039
0.734091
0.738143
0.742194
0.746246
0.750297
0.754347
0.758396
0.762444
0.766492
0.770537
0.774582
0.778624
0.782664
0.786701
0.790736
0.794767
0.798794
0.802816
0.806834
0.810847
0.814854
0.818854
0.822846
0.826832
0.830810
0.834779
0.838739
0.842690
0.846630
0.850556
0.854470
0.858370
0.862255
0.866125
0.869981
0.873819
0.877638
0.881438
0.885216
0.888970
0.892699
0.896404
0.900082
0.903732
0.907354
0.910948
0.914507
0.918032
0.921519
0.924971
0.928386
0.931760
0.935087
0.938373
0.941615
0.944808
0.947954
0.951044
0.954075
0.957053
0.959971
0.962824
0.965613
0.968336
0.970991
0.973577
0.976085
0.978512
0.980857
0.983119
0.985304
0.987397
0.989407
0.991320
0.993131
0.994843
0.996463
0.997973
0.999369
1.000652
1.001815
1.002854
1.003770
1.004562
1.005219
1.005746
1.006143
1.006404
1.006533
1.006526
1.006371
1.006058
1.005589
1.004952
1.004167
1.003211
1.002086
1.000792
0.999317
0.997677
0.995853
0.993834
0.991618
0.989226
0.986621
0.983831
0.980837
0.977791
0.974744
0.971698
0.968652
0.965606
0.962560
0.959514
0.956468
0.953423
0.950377
0.947332
0.944287
0.941242
0.938198
0.935153
0.932109
0.929065
0.926021
0.922977
0.919933
0.916890
0.913846
0.910803
0.907761
0.904718
0.901675
0.898633
0.895591
0.892550
0.889508
0.886467
0.883426
0.880385
0.877344
0.874304
0.871264
0.868224
0.865185
0.862146
0.859107
0.856068
0.853030
0.849992
0.846954
0.843917
0.840880
0.837843
0.834807
0.831771
0.828735
0.825700
0.822665
0.819630
0.816596
0.813562
0.810529
0.807496
0.804463
0.801431
0.798399
0.795368
0.792337
0.789307
0.786277
0.783247
0.780218
0.777190
0.774162
0.771135
0.768108
0.765081
0.762055
0.759030
0.756005
0.752981
0.749957
0.746935
0.743912
0.740890
0.737869
0.734849
0.731829
0.728810
0.725792
0.722774
0.719757
0.716741
0.713725
0.710710
0.707696
0.704683
0.701671
0.698659
0.695648
0.692639
0.689630
0.686621
0.683614
0.680608
0.677603
0.674598
0.671595
0.668592
0.665591
0.662591
0.659591
0.656593
0.653596
0.650600
0.647605
0.644611
0.641619
0.638628
0.635638
0.632649
0.629661
0.626675
0.623690
0.620706
0.617724
0.614743
0.611764
0.608786
0.605810
0.602835
0.599861
0.596890
0.593919
0.590951
0.587984
0.585019
0.582055
0.579094
0.576134
0.573176
0.570219
0.567265
0.564313
0.561362
0.558414
0.555467
0.552523
0.549581
0.546641
0.543703
0.540768
0.537834
0.534904
0.531975
0.529049
0.526125
0.523204
0.520285
0.517369
0.514456
0.511545
0.508637
0.505732
0.502830
0.499931
0.497034
0.494141
0.491251
0.488364
0.485480
0.482599
0.479722
0.476848
0.473977
0.471110
0.468246
0.465386
0.462530
0.459678
0.456829
0.453984
0.451144
0.448307
0.445474
0.442646
0.439822
0.437002
0.434187
0.431376
0.428570
0.425768
0.422972
0.420180
0.417393
0.414611
0.411834
0.409063
0.406296
0.403536
0.400780
0.398031
0.395287
0.392549
0.389816
0.387090
0.384370
0.381656
0.378949
0.376248
0.373554
0.370866
0.368186
0.365512
0.362845
0.360186
0.357534
0.354889
0.352252
0.349623
0.347002
0.344389
0.341784
0.339187
0.336599
0.334020
0.331449
0.328887
0.326335
0.323791
0.321258
0.318734
0.316219
0.313715
0.311221
0.308737
0.306263
0.303801
0.301349
0.298908
0.296479
0.294061
0.291655
0.289261
0.286879
0.284510
0.282153
0.279808
0.277477
0.275159
0.272855
0.270564
0.268288
0.266026
0.263778
0.261545
0.259327
0.257124
0.254937
0.252765
0.250610
0.248471
0.246349
0.244244
0.242156
0.240086
0.238034
0.236000
0.233985
0.231988
0.230011
0.228053
0.226116
0.224198
0.222301
0.220426
0.218571
0.216739
0.214928
0.213140
0.211376
0.209634
0.207916
0.206222
0.204553
0.202909
0.201291
0.199698
0.198132
0.196593
0.195081
0.193597
0.192141
0.190714
0.189317
0.187949
0.186611
0.185305
0.184030
0.182787
0.181576
0.180399
0.179255
0.178146
0.177071
0.176032
0.175030
0.174064
0.173135
0.172245
0.171393
0.170581
0.169808
0.169077
0.168387
0.167740
0.167135
0.166575
0.166058
0.165587
0.165163
0.164785
0.164455
0.164173
0.163941
0.163759
0.163628
0.163549
0.163523
0.163551
0.163634
0.163773
0.163968
0.164221
0.164533
0.164904
0.165337
0.165831
0.166388
0.167009
0.167695
0.168447
0.169267
0.170155
0.171113
0.172142
0.173243
0.174418
0.175667
0.176992
0.178395
0.179876
0.181437
0.183080
0.184805
0.186615
0.188510
0.190492
0.192563
0.194725
0.196977
0.199324
0.201765
0.204302
0.206938
0.209674
0.212511
0.215451
0.218497
0.221650
0.224911
0.228283
0.231767
0.235366
0.239081
0.242915
0.246868
0.250945
0.255146
0.259473
0.263929
0.268517
0.273237
0.278093
0.283087
0.288221
0.293497
0.298918
0.304487
0.310205
0.316076
0.322102
0.328286
0.334630
0.341136
0.347809
0.354650
0.361662
0.368849
0.376213
0.383757
0.391484
0.399398
0.407501
0.415796
0.424288
0.432978
0.441871
0.450969
0.460277
0.469798
0.479534
0.489491
0.499671
0.510079
0.520717
0.531591
0.542703
0.554057
0.565659
0.577511
0.589618
0.601985
0.614615
0.627512
0.640682
0.654128
0.667856
0.681869
0.696173
0.710772
0.725671
0.740875
0.756389
0.772218
0.788367
0.804841
0.821646
0.838787
0.856269
0.874098
0.892279
0.910818
0.929722
0.948995
0.968643
0.988674
1.009092
1.029904
1.051116
1.072735
1.094767
1.117218
1.140096
1.163407
1.187157
1.211354
1.236005
1.261117
1.286697
1.312752
1.339290
1.366319
1.393845
1.421877
1.450422
1.479489
1.509085
1.539219
1.569898
1.601131
1.632927
1.665294
1.698240
1.731775
1.765908
1.800646
1.836000
1.871979
1.908591
1.945847
1.983756
2.022327
2.061570
2.101496
2.142113
2.183433
2.225465
2.268219
2.311707
2.355938
2.400923
2.446673
2.493199
2.540511
2.588621
2.637540
2.687279
2.737850
2.789264
2.841532
2.894666
2.948679
3.003581
3.059385
3.116103
3.173747
3.232329
3.291861
3.352356
3.413827
3.476286
3.539745
3.604217
3.669715
3.736253
3.803841
3.872495
3.942226
4.013047
4.084973
4.158015
4.232187
4.307815
4.385115
4.464036
4.544507
4.626671
4.710473
4.795812
4.882812
4.971413
5.061644
5.153433
5.246830
5.341842
5.438419
5.536568
5.636316
5.737650
5.840551
5.945014
6.051028
6.158589
6.267698
6.378367
6.490579
6.604329
6.719619
6.836450
6.954819
7.074723
7.196163
7.319143
7.443663
7.569727
