0.641780
0.000000
0.000000
0.000000
-0.000000
0.000000
0.000000
-0.000000
0.000000
0.000000
0.000000
-0.000000
-0.000000
-0.000000
0.000000
0.000000
0.000000
0.000000
0.000000
0.000000
-0.000000
-0.000000
-0.000000
0.000000
0.000000
0.000000
0.000000
0.000000
-0.000000
-0.000000
-0.000000
-0.000000
-0.000000
-0.000000
-0.000000
0.000000
0.000000
0.000000
-0.000000
0.000000
-0.000000
0.000000
-0.000000
-0.000000
-0.000000
-0.000000
-0.000000
-0.000000
-0.000000
-0.000000
-0.000000
-0.000000
-0.000000
-0.000000
0.000000
-0.000000
0.000000
0.000000
0.000000
0.000000
-0.000000
-0.000000
0.000000
0.000000
0.000000
-0.000000
0.000000
0.000000
0.000000
-0.000000
0.000000
0.000000
-0.000000
-0.000000
0.000000
-0.000000
-0.000000
-0.000000
-0.000000
0.000000
0.000000
0.000000
0.000000
0.000000
0.000000
-0.000000
-0.000000
-0.000000
-0.000000
-0.000000
-0.000000
0.000000
0.000000
0.000000
0.000000
0.000000
0.000000
0.000000
0.000000
0.000000
0.000000
0.000000
0.000000
-0.000000
-0.000000
0.000000
0.000000
-0.000000
-0.000000
-0.000000
0.000000
-0.000000
-0.000000
0.000000
0.000000
0.000000
0.000000
0.000000
-0.000000
0.000000
0.000000
0.000000
-0.000000
-0.000000
-0.000000
-0.000000
0.000000
-0.000000
0.000000
-0.000000
0.000000
0.000000
-0.000000
-0.000000
0.000000
0.000000
0.000000
-0.000000
-0.000000
0.000000
0.000000
-0.000000
0.000000
0.000000
0.000000
0.000000
0.000000
-0.000000
0.000000
0.000000
0.000000
-0.000000
-0.000000
0.000000
-0.000000
0.000000
-0.000000
0.000000
-0.000000
0.000000
0.000000
0.000000
0.000000
0.000000
0.000000
0.000000
0.000000
0.000000
0.000000
0.000000
-0.000000
0.000000
0.000000
0.000000
0.000000
0.000000
-0.000000
0.000000
0.000000
0.000000
-0.000000
-0.000000
-0.000000
-0.000000
-0.000000
-0.000000
-0.000000
-0.000000
-0.000000
-0.000000
0.000000
-0.000000
-0.000000
0.000000
0.000000
0.000000
0.000000
0.000000
0.000000
0.000000
0.000000
0.000000
0.000000
0.000000
0.000000
0.000000
0.000000
0.000000
0.000000
0.000000
0.000000
0.000000
0.000000
0.000000
0.000000
0.000000
0.000000
0.000000
0.000000
0.000000
0.000000
0.000000
0.000000
0.000000
0.000000
0.000000
0.000000
0.000000
0.000000
0.000000
0.000000
0.000000
0.000000
0.000000
0.000000
0.000000
0.000000
0.000000
0.000000
0.000000
0.000000
0.000000
0.000000
0.000000
0.000000
0.000000
0.000000
0.000000
0.000000
0.000000
0.000000
0.000000
0.000000
0.000000
0.000000
0.000000
0.000000
0.000000
0.000000
0.000000
0.000000
0.000000
0.000000
0.000000
0.000000
0.000000
0.000000
0.000000
0.000000
0.000000
0.000000
0.000000
0.000000
0.000000
0.000001
0.000001
0.000001
0.000001
0.000001
0.000001
0.000001
0.000001
0.000001
0.000001
0.000001
0.000001
0.000001
0.000001
0.000001
0.000001
0.000001
0.000001
0.000001
0.000002
0.000002
0.000002
0.000002
0.000002
0.000002
0.000002
0.000002
0.000002
0.000002
0.000003
0.000003
0.000003
0.000003
0.000003
0.000003
0.000003
0.000004
0.000004
0.000004
0.000004
0.000004
0.000004
0.000005
0.000005
0.000005
0.000005
0.000005
0.000006
0.000006
0.000006
0.000006
0.000007
0.000007
0.000007
0.000008
0.000008
0.000008
0.000009
0.000009
0.000009
0.000010
0.000010
0.000010
0.000011
0.000011
0.000012
0.000012
0.000012
0.000013
0.000013
0.000014
0.000014
0.000015
0.000016
0.000016
0.000017
0.000017
0.000018
0.000018
0.000019
0.000020
0.000020
0.000021
0.000022
0.000023
0.000023
0.000024
0.000025
0.000026
0.000027
0.000027
0.000028
0.000029
0.000030
0.000031
0.000032
0.000033
0.000034
0.000035
0.000036
0.000037
0.000039
0.000040
0.000041
0.000042
0.000044
0.000045
0.000046
0.000048
0.000049
0.000050
0.000052
0.000053
0.000055
0.000056
0.000058
0.000060
0.000061
0.000063
0.000065
0.000067
0.000069
0.000070
0.000072
0.000074
0.000076
0.000079
0.000081
0.000083
0.000085
0.000087
0.000090
0.000092
0.000094
0.000097
0.000099
0.000102
0.000105
0.000107
0.000110
0.000113
0.000116
0.000119
0.000122
0.000125
0.000128
0.000131
0.000134
0.000137
0.000141
0.000144
0.000148
0.000151
0.000155
0.000158
0.000162
0.000166
0.000170
0.000174
0.000178
0.000182
0.000186
0.000191
0.000195
0.000199
0.000204
0.000208
0.000213
0.000218
0.000223
0.000228
0.000233
0.000238
0.000243
0.000248
0.000254
0.000259
0.000265
0.000270
0.000276
0.000282
0.000288
0.000294
0.000300
0.000307
0.000313
0.000320
0.000326
0.000333
0.000340
0.000347
0.000354
0.000362
0.000369
0.000377
0.000384
0.000392
0.000400
0.000408
0.000417
0.000425
0.000434
0.000442
0.000451
0.000460
0.000470
0.000479
0.000489
0.000498
0.000508
0.000518
0.000528
0.000539
0.000549
0.000560
0.000571
0.000582
0.000593
0.000605
0.000616
0.000628
0.000640
0.000652
0.000665
0.000677
0.000690
0.000703
0.000717
0.000730
0.000744
0.000758
0.000772
0.000786
0.000801
0.000816
0.000831
0.000846
0.000862
0.000877
0.000894
0.000910
0.000926
0.000943
0.000960
0.000978
0.000995
0.001013
0.001031
0.001050
0.001069
0.001088
0.001107
0.001127
0.001146
0.001167
0.001187
0.001208
0.001229
0.001251
0.001272
0.001294
0.001317
0.001340
0.001363
0.001386
0.001410
0.001434
0.001459
0.001484
0.001509
0.001534
0.001560
0.001587
0.001613
0.001641
0.001668
0.001696
0.001724
0.001753
0.001782
0.001812
0.001842
0.001872
0.001903
0.001934
0.001966
0.001998
0.002031
0.002064
0.002097
0.002131
0.002166
0.002201
0.002236
0.002272
0.002308
0.002345
0.002383
0.002421
0.002459
0.002498
0.002537
0.002577
0.002618
0.002659
0.002701
0.002743
0.002786
0.002829
0.002873
0.002918
0.002963
0.003009
0.003055
0.003102
0.003150
0.003198
0.003247
0.003296
0.003346
0.003397
0.003449
0.003501
0.003553
0.003607
0.003661
0.003716
0.003772
0.003828
0.003885
0.003943
0.004001
0.004060
0.004120
0.004181
0.004243
0.004305
0.004368
0.004432
0.004497
0.004562
0.004628
0.004695
0.004763
0.004832
0.004902
0.004972
0.005044
0.005116
0.005189
0.005263
0.005338
0.005414
0.005491
0.005569
0.005648
0.005727
0.005808
0.005889
0.005972
0.006056
0.006140
0.006226
0.006312
0.006400
0.006489
0.006579
0.006669
0.006761
0.006854
0.006948
0.007044
0.007140
0.007237
0.007336
0.007436
0.007537
0.007639
0.007742
0.007846
0.007952
0.008059
0.008167
0.008277
0.008387
0.008499
0.008612
0.008727
0.008843
0.008960
0.009078
0.009198
0.009319
0.009442
0.009566
0.009691
0.009818
0.009946
0.010076
0.010207
0.010340
0.010474
0.010609
0.010746
0.010885
0.011025
0.011167
0.011310
0.011455
0.011601
0.011750
0.011899
0.012051
0.012204
0.012358
0.012515
0.012673
0.012832
0.012994
0.013157
0.013322
0.013489
0.013658
0.013828
0.014000
0.014174
0.014350
0.014528
0.014708
0.014890
0.015074
0.015259
0.015447
0.015636
0.015828
0.016022
0.016217
0.016415
0.016615
0.016817
0.017021
0.017227
0.017435
0.017646
0.017859
0.018074
0.018291
0.018510
0.018732
0.018956
0.019182
0.019411
0.019642
0.019876
0.020112
0.020350
0.020591
0.020834
0.021079
0.021328
0.021578
0.021832
0.022088
0.022346
0.022607
0.022871
0.023137
0.023407
0.023678
0.023953
0.024230
0.024510
0.024793
0.025079
0.025368
0.025659
0.025954
0.026251
0.026552
0.026855
0.027162
0.027471
0.027784
0.028099
0.028418
0.028740
0.029065
0.029393
0.029725
0.030059
0.030397
0.030739
0.031083
0.031432
0.031783
0.032138
0.032496
0.032858
0.033224
0.033593
0.033965
0.034341
0.034721
0.035104
0.035492
0.035882
0.036277
0.036676
0.037078
0.037484
0.037894
0.038308
0.038726
0.039148
0.039574
0.040004
0.040438
0.040876
0.041318
0.041765
0.042216
0.042671
0.043130
0.043594
0.044062
0.044535
0.045012
0.045493
0.045979
0.046470
0.046965
0.047465
0.047969
0.048478
0.048992
0.049511
0.050035
0.050563
0.051096
0.051635
0.052178
0.052726
0.053280
0.053839
0.054402
0.054971
0.055546
0.056125
0.056710
0.057301
0.057897
0.058498
0.059105
0.059718
0.060336
0.060960
0.061589
0.062225
0.062866
0.063513
0.064167
0.064826
0.065491
0.066162
0.066840
0.067524
0.068214
0.068910
0.069613
0.070322
0.071037
0.071760
0.072488
0.073224
0.073966
0.074715
0.075471
0.076233
0.077003
0.077780
0.078563
0.079354
0.080152
0.080958
0.081770
0.082591
0.083418
0.084253
0.085096
0.085946
0.086804
0.087670
0.088544
0.089425
0.090315
0.091212
0.092118
0.093032
0.093954
0.094885
0.095824
0.096771
0.097727
0.098691
0.099665
0.100647
0.101638
0.102637
0.103646
0.104664
0.105691
0.106727
0.107772
0.108827
0.109892
0.110965
0.112049
0.113142
0.114245
0.115358
0.116480
0.117613
0.118756
0.119909
0.121072
0.122246
0.123430
0.124625
0.125830
0.127046
0.128273
0.129511
0.130759
0.132019
0.133290
0.134572
0.135866
0.137171
0.138487
0.139815
0.141155
0.142507
0.143870
0.145246
0.146634
0.148034
0.149446
0.150870
0.152307
0.153757
0.155219
0.156694
0.158182
0.159683
0.161197
0.162725
0.164265
0.165819
0.167387
0.168968
0.170562
0.172171
0.173794
0.175430
0.177081
0.178746
0.180425
0.182119
0.183827
0.185550
0.187287
0.189040
0.190807
0.192590
0.194388
0.196201
0.198029
0.199873
0.201733
0.203608
0.205499
0.207406
0.209329
0.211268
0.213223
0.215195
0.217183
0.219188
0.221209
0.223247
0.225302
0.227374
0.229463
0.231576
0.233717
0.235887
0.238082
0.240306
0.242559
0.244836
0.247142
0.249474
0.251834
0.254219
0.256630
0.259068
0.261531
0.264020
0.266534
0.269073
0.271637
0.274226
0.276838
0.279474
0.282133
0.284815
0.287521
0.290249
0.293000
0.295772
0.298567
0.301383
0.304221
0.307080
0.309960
0.312862
