0.225996
-0.000000
-0.000000
-0.000000
0.000000
0.000000
0.000000
0.000000
0.000000
-0.000000
-0.000000
0.000000
-0.000000
-0.000000
-0.000000
0.000000
-0.000000
-0.000000
-0.000000
-0.000000
-0.000000
-0.000000
0.000000
-0.000000
-0.000000
-0.000000
-0.000000
0.000000
-0.000000
0.000000
0.000000
0.000000
0.000000
-0.000000
0.000000
0.000000
-0.000000
-0.000000
0.000000
0.000000
0.000000
0.000000
0.000000
-0.000000
-0.000000
0.000000
0.000000
-0.000000
-0.000000
0.000000
-0.000000
-0.000000
-0.000000
-0.000000
0.000000
0.000000
0.000000
0.000000
-0.000000
0.000000
0.000000
-0.000000
-0.000000
-0.000000
0.000000
0.000000
0.000000
0.000000
-0.000000
-0.000000
0.000000
0.000000
0.000000
-0.000000
0.000000
-0.000000
0.000000
0.000000
-0.000000
-0.000000
-0.000000
-0.000000
-0.000000
-0.000000
0.000000
-0.000000
-0.000000
0.000000
-0.000000
0.000000
-0.000000
-0.000000
-0.000000
-0.000000
-0.000000
0.000000
0.000000
0.000000
-0.000000
-0.000000
0.000000
-0.000000
-0.000000
-0.000000
-0.000000
0.000000
-0.000000
-0.000000
0.000000
0.000000
-0.000000
0.000000
0.000000
0.000000
0.000000
0.000000
0.000000
-0.000000
-0.000000
-0.000000
-0.000000
-0.000000
0.000000
0.000000
0.000000
0.000000
0.000000
0.000000
-0.000000
0.000000
0.000000
0.000000
-0.000000
0.000000
0.000000
0.000000
0.000000
0.000000
-0.000000
0.000000
0.000000
-0.000000
0.000000
-0.000000
0.000000
0.000000
0.000000
0.000000
0.000000
0.000000
0.000000
0.000000
0.000000
0.000000
0.000000
-0.000000
-0.000000
0.000000
0.000000
0.000000
0.000000
0.000000
0.000000
0.000000
0.000000
0.000000
0.000000
0.000000
-0.000000
0.000000
-0.000000
0.000000
0.000000
0.000000
-0.000000
-0.000000
-0.000000
0.000000
0.000000
0.000000
0.000000
0.000000
0.000000
0.000000
0.000000
0.000000
-0.000000
-0.000000
-0.000000
-0.000000
0.000000
0.000000
0.000000
0.000000
0.000000
0.000000
0.000001
0.000001
0.000001
0.000001
0.000002
0.000002
0.000003
0.000004
0.000005
0.000006
0.000007
0.000008
0.000009
0.000011
0.000012
0.000014
0.000016
0.000019
0.000021
0.000023
0.000026
0.000029
0.000032
0.000036
0.000040
0.000044
0.000048
0.000052
0.000057
0.000062
0.000068
0.000073
0.000079
0.000086
0.000092
0.000099
0.000107
0.000114
0.000122
0.000131
0.000140
0.000149
0.000159
0.000169
0.000179
0.000190
0.000202
0.000214
0.000226
0.000239
0.000253
0.000267
0.000281
0.000296
0.000312
0.000328
0.000345
0.000362
0.000380
0.000398
0.000418
0.000437
0.000458
0.000479
0.000501
0.000523
0.000546
0.000570
0.000595
0.000620
0.000646
0.000673
0.000701
0.000729
0.000758
0.000788
0.000819
0.000851
0.000883
0.000917
0.000951
0.000986
0.001022
0.001060
0.001098
0.001137
0.001177
0.001218
0.001260
0.001303
0.001347
0.001392
0.001438
0.001485
0.001534
0.001583
0.001634
0.001686
0.001739
0.001793
0.001848
0.001905
0.001963
0.002022
0.002082
0.002144
0.002207
0.002271
0.002337
0.002404
0.002472
0.002542
0.002613
0.002686
0.002760
0.002836
0.002913
0.002992
0.003072
0.003154
0.003237
0.003322
0.003408
0.003497
0.003586
0.003678
0.003771
0.003866
0.003963
0.004061
0.004162
0.004264
0.004368
0.004473
0.004581
0.004691
0.004802
0.004916
0.005031
0.005148
0.005268
0.005389
0.005513
0.005638
0.005766
0.005896
0.006028
0.006162
0.006299
0.006437
0.006578
0.006721
0.006867
0.007015
0.007165
0.007318
0.007473
0.007630
0.007791
0.007953
0.008118
0.008286
0.008456
0.008629
0.008804
0.008982
0.009163
0.009347
0.009533
0.009722
0.009914
0.010109
0.010307
0.010508
0.010711
0.010918
0.011128
0.011340
0.011556
0.011775
0.011997
0.012222
0.012451
0.012682
0.012917
0.013156
0.013397
0.013642
0.013891
0.014143
0.014398
0.014657
0.014920
0.015186
0.015456
0.015730
0.016007
0.016288
0.016573
0.016862
0.017154
0.017451
0.017752
0.018056
0.018365
0.018678
0.018995
0.019316
0.019641
0.019971
0.020305
0.020644
0.020987
0.021334
0.021686
0.022042
0.022404
0.022769
0.023140
0.023515
0.023896
0.024281
0.024671
0.025066
0.025466
0.025871
0.026282
0.026698
0.027119
0.027545
0.027977
0.028414
0.028857
0.029305
0.029760
0.030219
0.030685
0.031157
0.031634
0.032118
0.032607
0.033103
0.033605
0.034113
0.034628
0.035149
0.035677
0.036211
0.036752
0.037299
0.037854
0.038415
0.038984
0.039559
0.040142
0.040732
0.041330
0.041934
0.042546
0.043166
0.043793
0.044428
0.045071
0.045722
0.046380
0.047047
0.047721
0.048404
0.049094
0.049794
0.050501
0.051217
0.051942
0.052675
0.053416
0.054167
0.054927
0.055695
0.056472
0.057259
0.058055
0.058860
0.059674
0.060498
0.061332
0.062175
0.063028
0.063891
0.064763
0.065646
0.066539
0.067442
0.068355
0.069279
0.070213
0.071158
0.072114
0.073080
0.074058
0.075046
0.076045
0.077056
0.078078
0.079111
0.080156
0.081213
0.082281
0.083362
0.084454
0.085558
0.086675
0.087804
0.088945
0.090099
0.091265
0.092444
0.093637
0.094842
0.096060
0.097292
0.098536
0.099795
0.101067
0.102353
0.103653
0.104966
0.106294
0.107636
0.108993
0.110364
0.111750
0.113150
0.114566
0.115996
0.117442
0.118903
0.120380
0.121872
0.123380
0.124904
0.126444
0.128001
0.129573
0.131162
0.132768
0.134391
0.136031
0.137687
0.139361
0.141053
0.142762
0.144489
0.146233
0.147996
0.149777
0.151577
0.153395
0.155232
0.157088
0.158962
0.160856
0.162770
0.164703
0.166656
0.168629
0.170622
0.172636
0.174669
0.176724
0.178800
0.180896
0.183014
0.185153
0.187314
0.189497
0.191702
0.193929
0.196179
0.198451
0.200746
0.203064
0.205405
0.207770
0.210159
0.212571
0.215007
0.217468
0.219954
0.222464
0.224999
0.227559
0.230145
0.232756
0.235393
0.238057
0.240746
0.243463
0.246206
0.248976
0.251773
0.254598
0.257451
0.260332
0.263241
0.266179
0.269145
0.272141
0.275165
0.278220
0.281304
0.284418
0.287563
0.290738
0.293944
0.297182
0.300450
0.303751
0.307083
0.310448
0.313845
0.317276
0.320739
0.324236
0.327767
0.331331
0.334930
0.338564
0.342232
0.345936
0.349675
0.353451
0.357262
0.361110
0.364995
0.368917
0.372876
0.376874
0.380909
0.384983
0.389096
0.393248
0.397439
0.401670
0.405942
0.410254
0.414607
0.419001
0.423436
0.427914
0.432434
0.436997
0.441603
0.446253
0.450946
0.455684
0.460466
0.465293
0.470165
0.475084
0.480048
0.485060
0.490118
0.495223
0.500377
0.505579
0.510829
0.516128
0.521477
0.526876
0.532325
0.537825
0.543377
0.548980
0.554635
0.560343
0.566103
0.571918
0.577786
0.583709
0.589686
0.595719
0.601808
0.607953
0.614155
0.620414
0.626731
0.633107
0.639541
0.646034
0.652587
0.659201
0.665875
0.672611
0.679409
0.686269
0.693192
0.700178
0.707229
0.714344
0.721524
0.728770
0.736082
0.743461
0.750907
0.758421
0.766004
0.773656
0.781377
0.789169
0.797031
0.804965
0.812972
0.821050
0.829203
0.837429
0.845729
0.854105
0.862556
0.871084
0.879689
0.888372
0.897133
0.905973
0.914893
0.923893
0.932974
0.942137
0.951382
0.960711
0.970123
0.979619
0.989201
0.998869
1.008623
1.018464
1.028394
1.038412
1.048520
1.058717
1.069006
1.079387
1.089860
1.100426
1.111086
1.121841
1.132691
1.143638
1.154681
1.165823
1.177063
1.188403
1.199843
1.211384
1.223027
1.234773
1.246622
1.258575
1.270634
1.282799
1.295071
1.307450
1.319938
1.332536
1.345243
1.358063
1.370994
1.384038
1.397196
1.410469
1.423857
1.437362
1.450985
1.464726
1.478586
1.492566
1.506668
1.520892
1.535239
1.549710
1.564305
1.579027
1.593875
1.608852
1.623957
1.639192
1.654558
1.670055
1.685685
1.701449
1.717348
1.733382
1.749553
1.765862
1.782309
1.798896
1.815624
1.832494
1.849507
1.866663
1.883965
1.901412
1.919006
1.936749
1.954640
1.972682
1.990874
2.009219
2.027717
2.046370
2.065178
2.084143
2.103265
2.122545
2.141985
2.161586
2.181349
2.201275
2.221365
2.241619
2.262040
2.282628
2.303385
2.324310
2.345406
2.366674
2.388114
2.409727
2.431516
2.453480
2.475620
2.497939
2.520436
2.543114
2.565972
2.589013
2.612237
2.635644
2.659237
2.683016
2.706982
2.731136
2.755480
2.780014
2.804739
2.829656
2.854766
2.880070
2.905569
2.931264
2.957156
2.983246
3.009534
3.036022
3.062711
3.089601
3.116693
3.143987
3.171486
3.199189
3.227098
3.255213
3.283535
3.312064
3.340801
3.369748
3.398904
3.428270
3.457847
3.487636
3.517636
3.547849
3.578275
3.608915
3.639768
3.670836
3.702118
3.733615
3.765328
3.797256
3.829400
3.861759
3.894335
3.927127
3.960136
3.993360
4.026801
4.060458
4.094331
4.128419
4.162723
4.197243
4.231977
4.266926
4.302089
4.337465
4.373054
4.408856
4.444868
4.481092
4.517525
4.554168
4.591017
4.628074
4.665336
4.702803
4.740472
4.778343
4.816413
4.854682
4.893147
4.931807
4.970660
5.009704
5.048935
5.088354
5.127956
5.167739
5.207701
5.247839
5.288151
5.328632
5.369281
5.410093
5.451065
5.492194
5.533476
5.574907
5.616483
5.658200
5.700054
5.742039
5.784152
5.826387
5.868739
5.911203
5.953773
5.996444
6.039210
6.082065
6.125002
6.168015
6.211098
6.254242
6.297441
6.340688
6.383975
6.427293
6.470635
6.513991
6.557354
6.600714
6.644061
6.687386
6.730680
6.773931
6.817129
6.860263
6.903322
6.946295
6.989168
7.031931
7.074569
7.117071
7.159423
7.201611
7.243620
7.285436
7.327044
7.368429
7.409574
7.450463
7.491077
7.531395
7.571394
7.611053
7.650350
7.689261
7.727764
7.765832
7.803444
7.840572
7.877192
7.913278
7.948803
7.983739
8.018060
8.051737
8.084740
8.117041
8.148610
8.179415
8.209426
8.238612
8.266939
8.294374
8.320884
8.346435
8.370991
8.394516
8.416975
8.438329
8.458541
8.477572
8.495383
