10.933658
-5.049355
0.009797
0.007791
0.006233
0.004986
0.003988
0.003190
0.002552
0.002042
0.001633
0.001307
0.001045
0.000836
0.000669
0.000535
0.000428
0.000343
0.000274
0.000220
0.000176
0.000141
0.000113
0.000090
0.000072
0.000058
0.000047
0.000038
0.000030
0.000024
0.000020
0.000016
0.000013
0.000011
0.000009
0.000007
0.000006
0.000005
0.000004
0.000004
0.000003
0.000003
0.000003
0.000002
0.000002
0.000002
0.000002
0.000002
0.000002
0.000002
0.000002
0.000002
0.000002
0.000002
0.000002
0.000002
0.000002
0.000002
0.000002
0.000002
0.000002
0.000002
0.000002
0.000002
0.000002
0.000002
0.000002
0.000002
0.000002
0.000002
0.000002
0.000002
0.000002
0.000003
0.000003
0.000003
0.000003
0.000003
0.000003
0.000003
0.000003
0.000003
0.000003
0.000003
0.000003
0.000003
0.000003
0.000003
0.000003
0.000003
0.000003
0.000003
0.000003
0.000003
0.000003
0.000003
0.000003
0.000003
0.000003
0.000003
0.000003
0.000004
0.000004
0.000004
0.000004
0.000004
0.000004
0.000004
0.000004
0.000004
0.000004
0.000004
0.000004
0.000004
0.000004
0.000004
0.000004
0.000004
0.000004
0.000004
0.000004
0.000004
0.000004
0.000004
0.000004
0.000004
0.000004
0.000004
0.000004
0.000005
0.000005
0.000005
0.000005
0.000005
0.000005
0.000005
0.000005
0.000005
0.000005
0.000005
0.000005
0.000005
0.000005
0.000005
0.000005
0.000005
0.000005
0.000005
0.000005
0.000005
0.000005
0.000005
0.000005
0.000005
0.000005
0.000005
0.000005
0.000006
0.000006
0.000006
0.000006
0.000006
0.000006
0.000006
0.000006
0.000006
0.000006
0.000006
0.000006
0.000006
0.000006
0.000006
0.000006
0.000006
0.000006
0.000006
0.000006
0.000006
0.000006
0.000006
0.000006
0.000006
0.000006
0.000006
0.000474
0.002011
0.004622
0.008312
0.013089
0.018592
0.024093
0.029593
0.035089
0.040580
0.046060
0.051534
0.057006
0.062473
0.067935
0.073387
0.078831
0.084262
0.089682
0.095091
0.100488
0.105876
0.111255
0.116628
0.121997
0.127361
0.132713
0.138053
0.143380
0.148700
0.154010
0.159312
0.164604
0.169892
0.175170
0.180439
0.185700
0.190946
0.196173
0.201386
0.206590
0.211776
0.216951
0.222115
0.227270
0.232406
0.237531
0.242637
0.247726
0.252799
0.257861
0.262903
0.267933
0.272948
0.277944
0.282926
0.287895
0.292846
0.297787
0.302707
0.307615
0.312505
0.317379
0.322238
0.327084
0.331913
0.336722
0.341517
0.346293
0.351051
0.355794
0.360518
0.365229
0.369924
0.374606
0.379274
0.383928
0.388569
0.393191
0.397799
0.402392
0.406968
0.411525
0.416070
0.420598
0.425112
0.429611
0.434097
0.438569
0.443026
0.447470
0.451898
0.456313
0.460715
0.465103
0.469475
0.473834
0.478179
0.482512
0.486833
0.491144
0.495444
0.499734
0.504012
0.508280
0.512539
0.516789
0.521029
0.525257
0.529478
0.533687
0.537889
0.542081
0.546265
0.550440
0.554608
0.558768
0.562921
0.567068
0.571209
0.575342
0.579469
0.583589
0.587704
0.591815
0.595920
0.600020
0.604116
0.608208
0.612296
0.616380
0.620461
0.624539
0.628613
0.632686
0.636755
0.640822
0.644887
0.648950
0.653011
0.657070
0.661128
0.665185
0.669241
0.673296
0.677350
0.681403
0.685456
0.689509
0.693561
0.697613
0.701665
0.705717
0.709769
0.713821
0.717873
0.721925
0.725977
0.730028
0.734080
0.738132
0.742183
0.746234
0.750284
0.754334
0.758383
0.762430
0.766477
0.770522
0.774566
0.778608
0.782647
0.786684
0.790718
0.794748
0.798774
0.802796
0.806813
0.810825
0.814831
0.818831
0.822823
0.826807
0.830784
0.834752
0.838712
0.842661
0.846600
0.850526
0.854438
0.858338
0.862221
0.866091
0.869945
0.873782
0.877600
0.881398
0.885175
0.888928
0.892656
0.896359
0.900035
0.903684
0.907305
0.910897
0.914454
0.917978
0.921463
0.924913
0.928326
0.931698
0.935024
0.938307
0.941548
0.944739
0.947882
0.950970
0.953999
0.956974
0.959891
0.962741
0.965527
0.968248
0.970900
0.973484
0.975989
0.978413
0.980755
0.983014
0.985196
0.987285
0.989293
0.991203
0.993010
0.994719
0.996335
0.997841
0.999234
1.000513
1.001672
1.002707
1.003618
1.004406
1.005059
1.005581
1.005974
1.006230
1.006355
1.006343
1.006182
1.005864
1.005390
1.004747
1.003956
1.002995
1.001864
1.000565
0.999083
0.997437
0.995606
0.993581
0.991358
0.988959
0.986348
0.983550
0.980549
0.977495
0.974441
0.971387
0.968332
0.965278
0.962224
0.959169
0.956115
0.953060
0.950005
0.946951
0.943896
0.940841
0.937786
0.934731
0.931676
0.928621
0.925566
0.922511
0.919455
0.916400
0.913344
0.910289
0.907233
0.904178
0.901122
0.898066
0.895010
0.891954
0.888898
0.885842
0.882785
0.879729
0.876672
0.873616
0.870559
0.867502
0.864445
0.861388
0.858331
0.855274
0.852216
0.849159
0.846101
0.843044
0.839986
0.836928
0.833870
0.830811
0.827753
0.824695
0.821636
0.818577
0.815518
0.812459
0.809400
0.806341
0.803281
0.800221
0.797161
0.794101
0.791041
0.787981
0.784920
0.781860
0.778799
0.775738
0.772676
0.769615
0.766553
0.763491
0.760429
0.757367
0.754304
0.751242
0.748179
0.745116
0.742052
0.738989
0.735925
0.732861
0.729796
0.726732
0.723667
0.720602
0.717536
0.714471
0.711405
0.708339
0.705272
0.702205
0.699138
0.696071
0.693003
0.689935
0.686867
0.683798
0.680729
0.677660
0.674590
0.671520
0.668450
0.665379
0.662308
0.659236
0.656164
0.653092
0.650019
0.646946
0.643873
0.640799
0.637724
0.634649
0.631574
0.628498
0.625422
0.622345
0.619268
0.616191
0.613112
0.610034
0.606954
0.603875
0.600794
0.597714
0.594632
0.591550
0.588468
0.585385
0.582301
0.579216
0.576132
0.573046
0.569960
0.566873
0.563785
0.560697
0.557608
0.554518
0.551428
0.548337
0.545245
0.542152
0.539059
0.535964
0.532869
0.529773
0.526677
0.523579
0.520481
0.517381
0.514281
0.511180
0.508078
0.504975
0.501871
0.498766
0.495660
0.492553
0.489445
0.486336
0.483226
0.480115
0.477002
0.473889
0.470774
0.467658
0.464541
0.461423
0.458303
0.455183
0.452061
0.448937
0.445813
0.442686
0.439559
0.436430
0.433300
0.430168
0.427035
0.423900
0.420764
0.417626
0.414487
0.411346
0.408203
0.405059
0.401912
0.398765
0.395615
0.392464
0.389310
0.386155
0.382998
0.379839
0.376678
0.373515
0.370350
0.367183
0.364014
0.360843
0.357669
0.354493
0.351315
0.348135
0.344952
0.341767
0.338580
0.335390
0.332197
0.329002
0.325805
0.322604
0.319401
0.316195
0.312987
0.309775
0.306561
0.303344
0.300123
0.296900
0.293673
0.290444
0.287211
0.283975
0.280735
0.277492
0.274246
0.270996
0.267742
0.264485
0.261224
0.257960
0.254691
0.251419
0.248143
0.244862
0.241578
0.238289
0.234996
0.231699
0.228397
0.225091
0.221781
0.218465
0.215145
0.211820
0.208490
0.205156
0.201816
0.198471
0.195120
0.191765
0.188404
0.185037
0.181665
0.178287
0.174903
0.171514
0.168118
0.164716
0.161308
0.157893
0.154473
0.151045
0.147611
0.144170
0.140722
0.137267
0.133805
0.130336
0.126859
0.123375
0.119883
0.116383
0.112875
0.109359
0.105835
0.102303
0.098762
0.095212
0.091654
0.088086
0.084510
0.080924
0.077329
0.073724
0.070109
0.066485
0.062850
0.059205
0.055550
0.051884
0.048207
0.044519
0.040820
0.037109
0.033387
0.029654
0.025908
0.022150
0.018379
0.014596
0.010800
0.006991
0.003169
-0.000667
-0.004517
-0.008381
-0.012258
-0.016151
-0.020058
-0.023980
-0.027917
-0.031870
-0.035839
-0.039823
-0.043824
-0.047842
-0.051876
-0.055928
-0.059997
-0.064084
-0.068189
-0.072312
-0.076455
-0.080616
-0.084796
-0.088996
-0.093217
-0.097457
-0.101718
-0.106001
-0.110305
-0.114630
-0.118978
-0.123348
-0.127742
-0.132158
-0.136599
-0.141063
-0.145552
-0.150066
-0.154606
-0.159171
-0.163763
-0.168381
-0.173027
-0.177700
-0.182401
-0.187131
-0.191890
-0.196679
-0.201497
-0.206347
-0.211227
-0.216139
-0.221084
-0.226061
-0.231071
-0.236115
-0.241194
-0.246308
-0.251458
-0.256643
-0.261866
-0.267126
-0.272424
-0.277761
-0.283138
-0.288554
-0.294012
-0.299511
-0.305052
-0.310636
-0.316263
-0.321935
-0.327653
-0.333416
-0.339226
-0.345083
-0.350989
-0.356943
-0.362948
-0.369003
-0.375110
-0.381270
-0.387483
-0.393750
-0.400073
-0.406451
-0.412887
-0.419381
-0.425934
-0.432547
-0.439221
-0.445958
-0.452757
-0.459621
-0.466550
-0.473545
-0.480608
-0.487740
-0.494941
-0.502213
-0.509558
-0.516976
-0.524469
-0.532037
-0.539683
-0.547408
-0.555212
-0.563097
-0.571065
-0.579116
-0.587253
-0.595477
-0.603789
-0.612190
-0.620683
-0.629269
-0.637948
-0.646724
-0.655597
-0.664569
-0.673641
-0.682817
-0.692096
-0.701481
-0.710974
-0.720576
-0.730289
-0.740115
-0.750057
-0.760115
-0.770292
-0.780590
-0.791011
-0.801556
-0.812229
-0.823030
-0.833963
-0.845029
-0.856230
-0.867570
-0.879049
-0.890671
-0.902438
-0.914351
-0.926415
-0.938630
-0.951000
-0.963527
-0.976213
-0.989062
-1.002076
-1.015258
-1.028610
-1.042135
-1.055837
-1.069717
-1.083779
-1.098026
-1.112461
-1.127087
-1.141907
-1.156925
-1.172142
-1.187564
-1.203192
-1.219031
-1.235084
-1.251354
-1.267845
-1.284560
-1.301503
-1.318678
-1.336089
-1.353738
-1.371631
-1.389771
-1.408162
-1.426808
-1.445713
-1.464881
-1.484317
-1.504024
-1.524008
-1.544272
-1.564822
-1.585661
-1.606794
-1.628225
-1.649961
-1.672005
-1.694362
-1.717037
-1.740035
-1.763362
-1.787022
-1.811021
-1.835364
-1.860057
-1.885104
-1.910512
-1.936286
-1.962432
-1.988955
-2.015861
-2.043157
-2.070848
-2.098941
-2.127441
-2.156356
-2.185690
-2.215451
-2.245645
-2.276058
-2.306556
-2.337197
-2.368052
-2.399041
-2.430225
-2.461695
-2.493385
-2.525358
-2.557615
-2.590225
-2.623175
-2.656480
-2.690193
-2.724330
-2.758892
-2.793909
-2.829410
-2.865419
-2.901961
-2.939056
-2.976722
-3.014969
-3.053827
-3.093314
-3.133446
-3.174241
-3.215716
-3.257889
-3.300775
-3.344388
-3.388742
-3.433851
