-0.017085
0.000000
0.000000
0.000000
-0.000000
0.000000
0.000000
-0.000000
0.000000
0.000000
0.000000
-0.000000
-0.000000
-0.000000
0.000000
0.000000
0.000000
0.000000
0.000000
0.000000
-0.000000
-0.000000
-0.000000
0.000000
0.000000
0.000000
0.000000
0.000000
-0.000000
-0.000000
-0.000000
-0.000000
-0.000000
-0.000000
-0.000000
0.000000
0.000000
0.000000
-0.000000
0.000000
-0.000000
0.000000
-0.000000
-0.000000
-0.000000
-0.000000
-0.000000
-0.000000
-0.000000
-0.000000
-0.000000
-0.000000
-0.000000
-0.000000
0.000000
-0.000000
0.000000
0.000000
0.000000
0.000000
-0.000000
-0.000000
0.000000
0.000000
0.000000
-0.000000
0.000000
0.000000
0.000000
-0.000000
0.000000
0.000000
-0.000000
-0.000000
0.000000
-0.000000
-0.000000
-0.000000
-0.000000
0.000000
0.000000
0.000000
0.000000
0.000000
0.000000
-0.000000
-0.000000
-0.000000
-0.000000
-0.000000
-0.000000
0.000000
0.000000
0.000000
0.000000
0.000000
0.000000
0.000000
0.000000
0.000000
0.000000
0.000000
0.000000
-0.000000
-0.000000
0.000000
0.000000
-0.000000
-0.000000
-0.000000
0.000000
-0.000000
-0.000000
0.000000
0.000000
0.000000
0.000000
0.000000
-0.000000
0.000000
0.000000
0.000000
-0.000000
-0.000000
-0.000000
-0.000000
0.000000
-0.000000
0.000000
-0.000000
0.000000
0.000000
-0.000000
-0.000000
0.000000
0.000000
0.000000
-0.000000
-0.000000
0.000000
0.000000
-0.000000
0.000000
0.000000
0.000000
0.000000
0.000000
-0.000000
0.000000
0.000000
0.000000
-0.000000
-0.000000
0.000000
-0.000000
0.000000
-0.000000
0.000000
-0.000000
0.000000
0.000000
0.000000
0.000000
0.000000
0.000000
0.000000
0.000000
0.000000
0.000000
0.000000
-0.000000
0.000000
0.000000
0.000000
0.000000
0.000000
-0.000000
0.000000
0.000000
0.000000
-0.000000
-0.000000
-0.000000
-0.000000
-0.000000
-0.000000
-0.000000
-0.000000
-0.000000
-0.000000
0.000000
0.000000
-0.000000
-0.000000
-0.000000
-0.000000
-0.000000
-0.000000
-0.000000
-0.000000
-0.000000
-0.000000
-0.000000
-0.000000
-0.000000
-0.000000
-0.000000
-0.000000
-0.000000
-0.000000
-0.000000
-0.000000
-0.000000
-0.000000
-0.000000
-0.000000
-0.000000
-0.000000
-0.000000
-0.000000
-0.000000
-0.000000
-0.000000
-0.000000
-0.000000
-0.000000
-0.000000
-0.000000
-0.000000
-0.000000
-0.000000
-0.000000
-0.000000
-0.000000
-0.000000
-0.000000
-0.000000
-0.000000
-0.000000
-0.000000
-0.000000
-0.000000
-0.000000
-0.000000
-0.000000
-0.000000
-0.000000
-0.000000
-0.000000
-0.000000
-0.000000
-0.000000
-0.000000
-0.000000
-0.000000
-0.000000
-0.000000
-0.000000
-0.000000
-0.000000
-0.000000
-0.000000
-0.000000
-0.000000
-0.000000
-0.000000
-0.000000
-0.000000
-0.000000
-0.000001
-0.000001
-0.000001
-0.000001
-0.000001
-0.000001
-0.000001
-0.000001
-0.000001
-0.000001
-0.000001
-0.000001
-0.000001
-0.000001
-0.000001
-0.000001
-0.000001
-0.000001
-0.000001
-0.000001
-0.000002
-0.000002
-0.000002
-0.000002
-0.000002
-0.000002
-0.000002
-0.000002
-0.000002
-0.000002
-0.000002
-0.000003
-0.000003
-0.000003
-0.000003
-0.000003
-0.000003
-0.000003
-0.000003
-0.000004
-0.000004
-0.000004
-0.000004
-0.000004
-0.000004
-0.000005
-0.000005
-0.000005
-0.000005
-0.000005
-0.000005
-0.000006
-0.000006
-0.000006
-0.000006
-0.000007
-0.000007
-0.000007
-0.000007
-0.000007
-0.000008
-0.000008
-0.000008
-0.000009
-0.000009
-0.000009
-0.000009
-0.000010
-0.000010
-0.000010
-0.000011
-0.000011
-0.000011
-0.000012
-0.000012
-0.000012
-0.000013
-0.000013
-0.000013
-0.000014
-0.000014
-0.000015
-0.000015
-0.000015
-0.000016
-0.000016
-0.000017
-0.000017
-0.000018
-0.000018
-0.000018
-0.000019
-0.000019
-0.000020
-0.000020
-0.000021
-0.000022
-0.000022
-0.000023
-0.000023
-0.000024
-0.000024
-0.000025
-0.000025
-0.000026
-0.000027
-0.000027
-0.000028
-0.000029
-0.000029
-0.000030
-0.000030
-0.000031
-0.000032
-0.000032
-0.000033
-0.000034
-0.000035
-0.000035
-0.000036
-0.000037
-0.000038
-0.000038
-0.000039
-0.000040
-0.000041
-0.000041
-0.000042
-0.000043
-0.000044
-0.000045
-0.000045
-0.000046
-0.000047
-0.000048
-0.000049
-0.000050
-0.000050
-0.000051
-0.000052
-0.000053
-0.000054
-0.000055
-0.000056
-0.000056
-0.000057
-0.000058
-0.000059
-0.000060
-0.000061
-0.000062
-0.000063
-0.000063
-0.000064
-0.000065
-0.000066
-0.000067
-0.000068
-0.000069
-0.000070
-0.000070
-0.000071
-0.000072
-0.000073
-0.000074
-0.000075
-0.000076
-0.000076
-0.000077
-0.000078
-0.000079
-0.000080
-0.000081
-0.000081
-0.000082
-0.000083
-0.000084
-0.000084
-0.000085
-0.000086
-0.000086
-0.000087
-0.000088
-0.000088
-0.000089
-0.000089
-0.000090
-0.000090
-0.000091
-0.000091
-0.000092
-0.000092
-0.000092
-0.000093
-0.000093
-0.000093
-0.000093
-0.000093
-0.000094
-0.000094
-0.000094
-0.000094
-0.000093
-0.000093
-0.000093
-0.000093
-0.000093
-0.000092
-0.000092
-0.000091
-0.000091
-0.000090
-0.000089
-0.000089
-0.000088
-0.000087
-0.000086
-0.000085
-0.000084
-0.000083
-0.000082
-0.000080
-0.000079
-0.000077
-0.000076
-0.000074
-0.000072
-0.000070
-0.000068
-0.000066
-0.000064
-0.000062
-0.000059
-0.000057
-0.000054
-0.000052
-0.000049
-0.000046
-0.000043
-0.000039
-0.000036
-0.000032
-0.000029
-0.000025
-0.000021
-0.000017
-0.000013
-0.000009
-0.000004
0.000001
0.000006
0.000011
0.000016
0.000021
0.000027
0.000032
0.000038
0.000044
0.000051
0.000057
0.000064
0.000071
0.000078
0.000085
0.000093
0.000100
0.000108
0.000117
0.000125
0.000134
0.000143
0.000152
0.000162
0.000172
0.000182
0.000192
0.000202
0.000213
0.000224
0.000236
0.000248
0.000260
0.000272
0.000285
0.000298
0.000311
0.000324
0.000338
0.000353
0.000367
0.000382
0.000398
0.000413
0.000429
0.000446
0.000462
0.000480
0.000497
0.000515
0.000534
0.000552
0.000572
0.000591
0.000611
0.000632
0.000653
0.000674
0.000696
0.000719
0.000742
0.000765
0.000789
0.000813
0.000838
0.000863
0.000889
0.000916
0.000943
0.000970
0.000998
0.001027
0.001056
0.001086
0.001116
0.001147
0.001179
0.001211
0.001243
0.001277
0.001311
0.001346
0.001381
0.001417
0.001454
0.001491
0.001529
0.001568
0.001607
0.001647
0.001688
0.001730
0.001772
0.001815
0.001859
0.001903
0.001949
0.001995
0.002042
0.002089
0.002138
0.002187
0.002237
0.002288
0.002340
0.002393
0.002446
0.002501
0.002556
0.002613
0.002670
0.002728
0.002787
0.002847
0.002908
0.002970
0.003032
0.003096
0.003161
0.003227
0.003293
0.003361
0.003430
0.003500
0.003570
0.003642
0.003715
0.003790
0.003865
0.003941
0.004019
0.004098
0.004178
0.004259
0.004342
0.004425
0.004510
0.004597
0.004684
0.004773
0.004863
0.004955
0.005048
0.005142
0.005238
0.005335
0.005433
0.005533
0.005634
0.005736
0.005840
0.005945
0.006052
0.006160
0.006270
0.006381
0.006494
0.006608
0.006724
0.006841
0.006959
0.007079
0.007201
0.007324
0.007449
0.007576
0.007704
0.007834
0.007965
0.008098
0.008233
0.008370
0.008508
0.008648
0.008790
0.008934
0.009080
0.009227
0.009377
0.009528
0.009681
0.009836
0.009993
0.010152
0.010313
0.010476
0.010641
0.010808
0.010977
0.011148
0.011321
0.011496
0.011673
0.011853
0.012034
0.012218
0.012404
0.012593
0.012783
0.012976
0.013172
0.013369
0.013569
0.013771
0.013976
0.014182
0.014391
0.014602
0.014816
0.015032
0.015250
0.015471
0.015694
0.015919
0.016148
0.016378
0.016612
0.016848
0.017086
0.017327
0.017571
0.017818
0.018067
0.018319
0.018574
0.018831
0.019091
0.019354
0.019620
0.019889
0.020160
0.020435
0.020712
0.020993
0.021276
0.021562
0.021852
0.022144
0.022439
0.022737
0.023039
0.023343
0.023651
0.023961
0.024275
0.024592
0.024912
0.025235
0.025562
0.025892
0.026225
0.026562
0.026902
0.027245
0.027592
0.027942
0.028296
0.028652
0.029013
0.029376
0.029743
0.030114
0.030488
0.030865
0.031247
0.031631
0.032020
0.032412
0.032808
0.033207
0.033610
0.034017
0.034428
0.034842
0.035260
0.035682
0.036108
0.036537
0.036969
0.037406
0.037846
0.038290
0.038737
0.039189
0.039645
0.040104
0.040568
0.041035
0.041507
0.041982
0.042462
0.042946
0.043435
0.043927
0.044424
0.044926
0.045431
0.045942
0.046456
0.046975
0.047499
0.048027
0.048559
0.049097
0.049638
0.050185
0.050736
0.051292
0.051853
0.052418
0.052989
0.053565
0.054145
0.054731
0.055322
0.055918
0.056518
0.057124
0.057735
0.058351
0.058972
0.059598
0.060229
0.060866
0.061507
0.062155
0.062807
0.063465
0.064128
0.064797
0.065471
0.066151
0.066836
0.067527
0.068223
0.068925
0.069633
0.070347
0.071067
0.071792
0.072523
0.073261
0.074004
0.074754
0.075509
0.076270
0.077037
0.077810
0.078589
0.079374
0.080165
0.080962
0.081764
0.082573
0.083387
0.084208
0.085034
0.085866
0.086705
0.087549
0.088400
0.089257
0.090121
0.090990
0.091867
0.092749
0.093639
0.094534
0.095437
0.096345
0.097261
0.098182
0.099110
0.100045
0.100986
0.101934
0.102889
0.103851
0.104819
0.105795
0.106777
0.107766
0.108762
0.109764
0.110774
0.111790
0.112813
0.113843
0.114880
0.115923
0.116974
0.118031
0.119095
0.120166
0.121243
0.122328
0.123418
0.124516
0.125621
0.126732
0.127851
0.128976
0.130108
0.131246
0.132392
0.133544
0.134703
0.135869
0.137042
0.138220
0.139406
0.140597
0.141796
0.143001
0.144212
0.145430
0.146653
0.147883
0.149118
0.150359
0.151606
0.152859
0.154116
0.155379
0.156648
0.157921
0.159198
0.160481
0.161768
0.163058
0.164353
0.165651
0.166952
0.168256
0.169564
0.170874
0.172186
0.173501
0.174819
0.176138
0.177458
0.178780
0.180103
0.181426
0.182749
0.184072
0.185395
0.186717
0.188037
0.189355
0.190670
0.191981
0.193288
0.194589
0.195885
0.197175
0.198457
0.199732
0.200998
0.202254
0.203500
0.204734
0.205956
0.207165
0.208359
0.209537
0.210699
0.211843
0.212968
0.214073
0.215157
0.216219
0.217256
0.218268
0.219253
0.220211
0.221139
0.222035
0.222899
0.223729
0.224523
0.225279
