0.027907
0.000000
0.000000
0.000000
0.000000
0.000000
0.000000
0.000000
0.000000
0.000000
0.000000
0.000000
0.000000
0.000000
0.000000
0.000000
0.000000
0.000000
0.000000
0.000000
0.000000
0.000000
0.000000
0.000000
0.000000
0.000000
0.000000
0.000000
0.000000
0.000000
0.000000
0.000000
0.000000
0.000000
0.000000
0.000000
0.000000
0.000000
0.000000
0.000000
0.000000
0.000000
0.000000
0.000000
0.000000
0.000000
0.000000
0.000000
0.000000
0.000000
0.000000
0.000000
0.000000
0.000000
0.000000
0.000000
0.000000
0.000000
0.000000
0.000000
0.000000
0.000000
0.000000
0.000000
0.000000
0.000000
0.000000
0.000000
0.000000
0.000000
0.000000
0.000000
0.000000
0.000000
0.000000
0.000000
0.000000
0.000000
0.000000
0.000000
0.000000
0.000000
0.000000
0.000000
0.000000
0.000000
0.000000
0.000000
0.000000
0.000000
0.000000
0.000000
0.000000
0.000000
0.000000
0.000000
0.000000
0.000000
0.000000
0.000000
0.000000
0.000000
0.000000
0.000000
0.000000
0.000000
0.000000
0.000000
0.000000
0.000000
0.000000
0.000000
0.000000
0.000000
0.000000
0.000000
0.000000
0.000000
0.000000
0.000000
0.000000
0.000000
0.000000
0.000000
0.000000
0.000000
0.000000
0.000000
0.000000
0.000000
0.000000
0.000000
0.000000
0.000000
0.000000
0.000000
0.000000
0.000000
0.000000
0.000000
0.000000
0.000000
0.000000
0.000000
0.000000
0.000000
0.000000
0.000000
0.000000
0.000000
0.000000
0.000000
0.000000
0.000000
0.000000
0.000000
0.000000
0.000000
0.000000
0.000000
0.000000
0.000000
0.000000
0.000000
0.000000
0.000000
0.000000
0.000000
0.000000
0.000000
0.000000
0.000000
0.000000
0.000000
0.000000
0.000000
0.000000
0.000000
0.000000
0.000000
0.000000
0.000000
0.000000
0.000000
0.000000
0.000000
0.000000
0.000000
0.000000
0.000000
0.000000
0.000000
-0.000000
-0.000000
-0.000001
-0.000001
-0.000002
-0.000003
-0.000004
-0.000005
-0.000007
-0.000009
-0.000011
-0.000013
-0.000016
-0.000019
-0.000023
-0.000027
-0.000031
-0.000036
-0.000041
-0.000047
-0.000053
-0.000060
-0.000067
-0.000075
-0.000083
-0.000092
-0.000101
-0.000110
-0.000120
-0.000130
-0.000140
-0.000151
-0.000163
-0.000175
-0.000187
-0.000200
-0.000213
-0.000226
-0.000240
-0.000255
-0.000270
-0.000285
-0.000300
-0.000316
-0.000332
-0.000349
-0.000366
-0.000384
-0.000401
-0.000419
-0.000438
-0.000457
-0.000476
-0.000495
-0.000515
-0.000535
-0.000555
-0.000576
-0.000597
-0.000618
-0.000640
-0.000661
-0.000684
-0.000706
-0.000729
-0.000752
-0.000775
-0.000798
-0.000822
-0.000846
-0.000870
-0.000894
-0.000919
-0.000944
-0.000969
-0.000995
-0.001021
-0.001047
-0.001074
-0.001101
-0.001128
-0.001156
-0.001183
-0.001211
-0.001239
-0.001268
-0.001297
-0.001326
-0.001355
-0.001384
-0.001414
-0.001444
-0.001474
-0.001505
-0.001536
-0.001567
-0.001598
-0.001630
-0.001661
-0.001693
-0.001726
-0.001758
-0.001791
-0.001824
-0.001857
-0.001890
-0.001923
-0.001957
-0.001991
-0.002025
-0.002059
-0.002094
-0.002128
-0.002163
-0.002198
-0.002234
-0.002269
-0.002304
-0.002340
-0.002376
-0.002411
-0.002447
-0.002483
-0.002519
-0.002555
-0.002591
-0.002627
-0.002664
-0.002700
-0.002736
-0.002773
-0.002809
-0.002845
-0.002882
-0.002918
-0.002955
-0.002991
-0.003028
-0.003064
-0.003101
-0.003138
-0.003174
-0.003211
-0.003247
-0.003284
-0.003321
-0.003357
-0.003394
-0.003431
-0.003468
-0.003505
-0.003542
-0.003579
-0.003616
-0.003653
-0.003690
-0.003727
-0.003764
-0.003802
-0.003839
-0.003877
-0.003914
-0.003952
-0.003990
-0.004028
-0.004066
-0.004104
-0.004143
-0.004181
-0.004219
-0.004257
-0.004295
-0.004333
-0.004371
-0.004409
-0.004447
-0.004485
-0.004523
-0.004561
-0.004598
-0.004636
-0.004674
-0.004711
-0.004749
-0.004786
-0.004823
-0.004860
-0.004897
-0.004935
-0.004972
-0.005009
-0.005046
-0.005082
-0.005119
-0.005156
-0.005192
-0.005229
-0.005265
-0.005301
-0.005338
-0.005374
-0.005410
-0.005446
-0.005482
-0.005517
-0.005553
-0.005588
-0.005624
-0.005659
-0.005693
-0.005728
-0.005763
-0.005797
-0.005831
-0.005865
-0.005899
-0.005933
-0.005966
-0.006000
-0.006033
-0.006066
-0.006098
-0.006131
-0.006163
-0.006195
-0.006227
-0.006259
-0.006291
-0.006323
-0.006354
-0.006386
-0.006417
-0.006448
-0.006479
-0.006510
-0.006541
-0.006572
-0.006602
-0.006632
-0.006662
-0.006692
-0.006722
-0.006751
-0.006781
-0.006810
-0.006839
-0.006867
-0.006896
-0.006924
-0.006952
-0.006979
-0.007007
-0.007034
-0.007061
-0.007088
-0.007114
-0.007141
-0.007166
-0.007192
-0.007218
-0.007243
-0.007268
-0.007292
-0.007317
-0.007341
-0.007365
-0.007389
-0.007412
-0.007436
-0.007459
-0.007481
-0.007504
-0.007526
-0.007547
-0.007569
-0.007590
-0.007610
-0.007631
-0.007650
-0.007670
-0.007689
-0.007708
-0.007727
-0.007745
-0.007763
-0.007781
-0.007798
-0.007815
-0.007832
-0.007849
-0.007865
-0.007881
-0.007897
-0.007912
-0.007927
-0.007942
-0.007957
-0.007971
-0.007985
-0.007998
-0.008012
-0.008025
-0.008037
-0.008050
-0.008062
-0.008074
-0.008085
-0.008097
-0.008108
-0.008118
-0.008129
-0.008139
-0.008149
-0.008158
-0.008168
-0.008177
-0.008185
-0.008193
-0.008201
-0.008209
-0.008216
-0.008223
-0.008230
-0.008237
-0.008243
-0.008248
-0.008254
-0.008259
-0.008264
-0.008268
-0.008272
-0.008276
-0.008280
-0.008283
-0.008286
-0.008289
-0.008291
-0.008293
-0.008295
-0.008296
-0.008297
-0.008298
-0.008298
-0.008298
-0.008297
-0.008296
-0.008295
-0.008293
-0.008291
-0.008288
-0.008286
-0.008282
-0.008279
-0.008276
-0.008272
-0.008268
-0.008263
-0.008258
-0.008253
-0.008248
-0.008242
-0.008236
-0.008230
-0.008223
-0.008217
-0.008209
-0.008202
-0.008194
-0.008186
-0.008178
-0.008169
-0.008160
-0.008151
-0.008141
-0.008132
-0.008121
-0.008111
-0.008100
-0.008089
-0.008078
-0.008067
-0.008055
-0.008043
-0.008030
-0.008017
-0.008004
-0.007991
-0.007977
-0.007963
-0.007949
-0.007935
-0.007920
-0.007905
-0.007890
-0.007874
-0.007859
-0.007843
-0.007826
-0.007810
-0.007793
-0.007776
-0.007759
-0.007741
-0.007724
-0.007706
-0.007688
-0.007669
-0.007651
-0.007632
-0.007613
-0.007593
-0.007574
-0.007554
-0.007534
-0.007514
-0.007494
-0.007473
-0.007453
-0.007432
-0.007411
-0.007390
-0.007369
-0.007348
-0.007327
-0.007305
-0.007284
-0.007262
-0.007240
-0.007218
-0.007195
-0.007173
-0.007150
-0.007128
-0.007105
-0.007082
-0.007059
-0.007035
-0.007012
-0.006989
-0.006965
-0.006942
-0.006918
-0.006895
-0.006871
-0.006848
-0.006824
-0.006800
-0.006777
-0.006753
-0.006729
-0.006706
-0.006682
-0.006658
-0.006634
-0.006609
-0.006585
-0.006560
-0.006536
-0.006511
-0.006486
-0.006461
-0.006436
-0.006411
-0.006385
-0.006359
-0.006334
-0.006308
-0.006282
-0.006256
-0.006230
-0.006204
-0.006177
-0.006151
-0.006125
-0.006099
-0.006073
-0.006046
-0.006020
-0.005994
-0.005968
-0.005942
-0.005916
-0.005890
-0.005864
-0.005838
-0.005812
-0.005787
-0.005761
-0.005736
-0.005711
-0.005685
-0.005660
-0.005635
-0.005610
-0.005585
-0.005560
-0.005535
-0.005510
-0.005485
-0.005460
-0.005435
-0.005411
-0.005386
-0.005361
-0.005336
-0.005311
-0.005287
-0.005262
-0.005238
-0.005213
-0.005189
-0.005164
-0.005140
-0.005116
-0.005092
-0.005068
-0.005044
-0.005021
-0.004997
-0.004973
-0.004950
-0.004926
-0.004902
-0.004879
-0.004855
-0.004832
-0.004809
-0.004785
-0.004762
-0.004739
-0.004717
-0.004694
-0.004672
-0.004650
-0.004628
-0.004607
-0.004585
-0.004564
-0.004543
-0.004522
-0.004502
-0.004481
-0.004461
-0.004441
-0.004420
-0.004400
-0.004381
-0.004361
-0.004342
-0.004322
-0.004303
-0.004284
-0.004266
-0.004247
-0.004229
-0.004210
-0.004192
-0.004175
-0.004157
-0.004139
-0.004122
-0.004105
-0.004088
-0.004071
-0.004055
-0.004039
-0.004023
-0.004007
-0.003992
-0.003977
-0.003962
-0.003947
-0.003933
-0.003919
-0.003905
-0.003891
-0.003877
-0.003864
-0.003851
-0.003838
-0.003825
-0.003813
-0.003801
-0.003789
-0.003778
-0.003767
-0.003757
-0.003746
-0.003736
-0.003726
-0.003717
-0.003708
-0.003699
-0.003690
-0.003682
-0.003674
-0.003666
-0.003659
-0.003652
-0.003645
-0.003639
-0.003633
-0.003627
-0.003622
-0.003618
-0.003614
-0.003610
-0.003607
-0.003604
-0.003601
-0.003599
-0.003598
-0.003596
-0.003595
-0.003594
-0.003594
-0.003594
-0.003595
-0.003595
-0.003596
-0.003598
-0.003599
-0.003601
-0.003604
-0.003606
-0.003609
-0.003613
-0.003617
-0.003621
-0.003625
-0.003630
-0.003635
-0.003640
-0.003646
-0.003652
-0.003659
-0.003665
-0.003672
-0.003680
-0.003687
-0.003695
-0.003704
-0.003713
-0.003722
-0.003731
-0.003741
-0.003751
-0.003762
-0.003773
-0.003785
-0.003797
-0.003809
-0.003822
-0.003835
-0.003848
-0.003862
-0.003876
-0.003891
-0.003906
-0.003922
-0.003938
-0.003954
-0.003971
-0.003988
-0.004006
-0.004024
-0.004042
-0.004061
-0.004081
-0.004100
-0.004121
-0.004141
-0.004163
-0.004184
-0.004207
-0.004229
-0.004253
-0.004277
-0.004301
-0.004326
-0.004352
-0.004378
-0.004405
-0.004433
-0.004461
-0.004489
-0.004519
-0.004549
-0.004579
-0.004610
-0.004642
-0.004674
-0.004707
-0.004740
-0.004774
-0.004809
-0.004844
-0.004880
-0.004917
-0.004954
-0.004992
-0.005031
-0.005070
-0.005110
-0.005151
-0.005192
-0.005234
-0.005277
-0.005321
-0.005365
-0.005410
-0.005456
-0.005502
-0.005550
-0.005598
-0.005647
-0.005697
-0.005747
-0.005799
-0.005851
-0.005905
-0.005959
-0.006014
-0.006070
-0.006127
-0.006185
-0.006244
-0.006303
-0.006364
-0.006426
-0.006489
-0.006552
-0.006617
-0.006683
-0.006750
-0.006818
-0.006887
-0.006958
-0.007029
-0.007102
-0.007176
-0.007251
-0.007327
-0.007405
-0.007484
-0.007564
-0.007646
-0.007729
-0.007813
-0.007899
-0.007987
-0.008076
-0.008166
-0.008258
-0.008352
-0.008447
-0.008544
-0.008643
-0.008743
-0.008846
-0.008950
-0.009056
-0.009164
-0.009274
-0.009386
-0.009499
-0.009615
-0.009733
-0.009853
-0.009976
-0.010100
-0.010227
-0.010356
-0.010487
-0.010621
-0.010757
-0.010896
-0.011037
-0.011182
-0.011328
-0.011478
-0.011630
-0.011786
-0.011944
-0.012105
-0.012270
-0.012437
-0.012608
-0.012783
-0.012960
-0.013141
-0.013326
-0.013514
-0.013706
-0.013902
-0.014101
-0.014305
-0.014512
-0.014724
-0.014939
-0.015160
-0.015384
-0.015613
-0.015846
-0.016084
-0.016327
-0.016575
-0.016827
