0.034118
-0.000000
0.000000
-0.000000
0.000000
-0.000000
0.000000
0.000000
-0.000000
-0.000000
0.000000
-0.000000
0.000000
0.000000
0.000000
0.000000
-0.000000
-0.000000
-0.000000
-0.000000
-0.000000
0.000000
0.000000
0.000000
0.000000
0.000000
0.000000
-0.000000
-0.000000
-0.000000
0.000000
-0.000000
-0.000000
0.000000
0.000000
-0.000000
0.000000
-0.000000
-0.000000
-0.000000
0.000000
0.000000
-0.000000
0.000000
-0.000000
-0.000000
-0.000000
0.000000
-0.000000
-0.000000
0.000000
0.000000
0.000000
0.000000
-0.000000
0.000000
0.000000
0.000000
-0.000000
-0.000000
0.000000
0.000000
0.000000
0.000000
0.000000
0.000000
-0.000000
-0.000000
0.000000
0.000000
0.000000
0.000000
-0.000000
-0.000000
-0.000000
-0.000000
0.000000
0.000000
0.000000
-0.000000
0.000000
-0.000000
-0.000000
-0.000000
-0.000000
-0.000000
-0.000000
-0.000000
-0.000000
0.000000
-0.000000
0.000000
0.000000
-0.000000
0.000000
-0.000000
0.000000
-0.000000
-0.000000
-0.000000
0.000000
-0.000000
0.000000
0.000000
-0.000000
-0.000000
0.000000
0.000000
0.000000
-0.000000
-0.000000
0.000000
-0.000000
-0.000000
-0.000000
-0.000000
0.000000
0.000000
0.000000
-0.000000
-0.000000
0.000000
0.000000
0.000000
0.000000
0.000000
-0.000000
0.000000
-0.000000
0.000000
-0.000000
0.000000
0.000000
-0.000000
0.000000
-0.000000
0.000000
0.000000
0.000000
-0.000000
0.000000
0.000000
-0.000000
-0.000000
0.000000
-0.000000
0.000000
0.000000
-0.000000
-0.000000
-0.000000
0.000000
0.000000
-0.000000
0.000000
-0.000000
0.000000
-0.000000
0.000000
-0.000000
-0.000000
-0.000000
0.000000
-0.000000
-0.000000
-0.000000
0.000000
0.000000
0.000000
-0.000000
0.000000
-0.000000
-0.000000
-0.000000
-0.000000
-0.000000
0.000000
0.000000
0.000000
0.000000
0.000000
0.000000
0.000000
0.000000
0.000000
0.000000
0.000000
0.000000
0.000000
0.000000
0.000000
0.000000
-0.000008
-0.000022
-0.000036
-0.000053
-0.000070
-0.000088
-0.000110
-0.000130
-0.000153
-0.000181
-0.000211
-0.000244
-0.000281
-0.000318
-0.000358
-0.000400
-0.000445
-0.000490
-0.000535
-0.000579
-0.000626
-0.000675
-0.000722
-0.000765
-0.000810
-0.000852
-0.000892
-0.000935
-0.000974
-0.001013
-0.001053
-0.001096
-0.001142
-0.001186
-0.001229
-0.001271
-0.001315
-0.001362
-0.001404
-0.001443
-0.001481
-0.001517
-0.001554
-0.001591
-0.001631
-0.001671
-0.001706
-0.001738
-0.001773
-0.001810
-0.001843
-0.001876
-0.001908
-0.001936
-0.001968
-0.002003
-0.002036
-0.002064
-0.002096
-0.002126
-0.002156
-0.002183
-0.002212
-0.002241
-0.002267
-0.002291
-0.002313
-0.002337
-0.002362
-0.002390
-0.002418
-0.002446
-0.002476
-0.002505
-0.002536
-0.002566
-0.002599
-0.002634
-0.002665
-0.002691
-0.002717
-0.002744
-0.002771
-0.002794
-0.002822
-0.002851
-0.002877
-0.002902
-0.002926
-0.002951
-0.002972
-0.002996
-0.003021
-0.003049
-0.003079
-0.003106
-0.003131
-0.003152
-0.003176
-0.003202
-0.003225
-0.003248
-0.003268
-0.003288
-0.003305
-0.003324
-0.003346
-0.003366
-0.003389
-0.003409
-0.003430
-0.003449
-0.003468
-0.003487
-0.003505
-0.003521
-0.003536
-0.003547
-0.003555
-0.003565
-0.003574
-0.003584
-0.003592
-0.003599
-0.003602
-0.003608
-0.003613
-0.003620
-0.003627
-0.003634
-0.003639
-0.003642
-0.003643
-0.003645
-0.003647
-0.003646
-0.003650
-0.003651
-0.003655
-0.003659
-0.003660
-0.003658
-0.003660
-0.003664
-0.003667
-0.003672
-0.003673
-0.003677
-0.003679
-0.003682
-0.003687
-0.003691
-0.003694
-0.003697
-0.003703
-0.003710
-0.003720
-0.003730
-0.003739
-0.003749
-0.003758
-0.003770
-0.003783
-0.003796
-0.003803
-0.003811
-0.003817
-0.003822
-0.003821
-0.003816
-0.003809
-0.003807
-0.003804
-0.003801
-0.003797
-0.003794
-0.003787
-0.003781
-0.003778
-0.003773
-0.003769
-0.003762
-0.003752
-0.003741
-0.003734
-0.003726
-0.003719
-0.003714
-0.003710
-0.003706
-0.003700
-0.003691
-0.003681
-0.003672
-0.003663
-0.003656
-0.003650
-0.003641
-0.003631
-0.003622
-0.003612
-0.003605
-0.003597
-0.003583
-0.003568
-0.003556
-0.003540
-0.003522
-0.003506
-0.003488
-0.003469
-0.003451
-0.003436
-0.003421
-0.003403
-0.003386
-0.003367
-0.003349
-0.003329
-0.003309
-0.003289
-0.003269
-0.003251
-0.003233
-0.003219
-0.003204
-0.003191
-0.003180
-0.003166
-0.003154
-0.003144
-0.003134
-0.003121
-0.003107
-0.003095
-0.003082
-0.003068
-0.003049
-0.003025
-0.003004
-0.002985
-0.002966
-0.002944
-0.002922
-0.002902
-0.002883
-0.002861
-0.002840
-0.002817
-0.002789
-0.002765
-0.002744
-0.002725
-0.002704
-0.002679
-0.002653
-0.002623
-0.002594
-0.002566
-0.002537
-0.002511
-0.002489
-0.002469
-0.002448
-0.002428
-0.002406
-0.002382
-0.002354
-0.002323
-0.002291
-0.002263
-0.002234
-0.002200
-0.002167
-0.002132
-0.002100
-0.002066
-0.002028
-0.001993
-0.001958
-0.001928
-0.001897
-0.001865
-0.001834
-0.001800
-0.001769
-0.001737
-0.001707
-0.001678
-0.001652
-0.001624
-0.001600
-0.001572
-0.001543
-0.001514
-0.001483
-0.001453
-0.001420
-0.001389
-0.001357
-0.001324
-0.001294
-0.001267
-0.001238
-0.001210
-0.001185
-0.001159
-0.001130
-0.001102
-0.001077
-0.001047
-0.001014
-0.000985
-0.000954
-0.000921
-0.000889
-0.000859
-0.000824
-0.000794
-0.000764
-0.000733
-0.000701
-0.000666
-0.000635
-0.000604
-0.000572
-0.000539
-0.000504
-0.000472
-0.000443
-0.000414
-0.000388
-0.000362
-0.000332
-0.000299
-0.000268
-0.000234
-0.000203
-0.000169
-0.000134
-0.000096
-0.000058
-0.000018
0.000025
0.000064
0.000104
0.000147
0.000185
0.000221
0.000254
0.000285
0.000313
0.000340
0.000363
0.000391
0.000421
0.000452
0.000482
0.000511
0.000541
0.000570
0.000600
0.000632
0.000663
0.000697
0.000729
0.000760
0.000787
0.000817
0.000844
0.000870
0.000898
0.000928
0.000954
0.000984
0.001016
0.001045
0.001074
0.001104
0.001136
0.001166
0.001197
0.001226
0.001255
0.001286
0.001317
0.001346
0.001372
0.001400
0.001426
0.001455
0.001481
0.001509
0.001536
0.001565
0.001593
0.001616
0.001642
0.001670
0.001694
0.001719
0.001740
0.001760
0.001781
0.001803
0.001829
0.001852
0.001876
0.001900
0.001928
0.001951
0.001975
0.001994
0.002010
0.002026
0.002043
0.002060
0.002077
0.002095
0.002111
0.002125
0.002135
0.002144
0.002154
0.002168
0.002182
0.002200
0.002221
0.002241
0.002259
0.002278
0.002292
0.002305
0.002318
0.002335
0.002347
0.002358
0.002367
0.002372
0.002377
0.002383
0.002387
0.002388
0.002389
0.002390
0.002394
0.002396
0.002399
0.002405
0.002414
0.002425
0.002438
0.002448
0.002460
0.002474
0.002487
0.002497
0.002509
0.002525
0.002541
0.002558
0.002574
0.002589
0.002605
0.002620
0.002634
0.002644
0.002656
0.002665
0.002675
0.002680
0.002682
0.002686
0.002686
0.002690
0.002693
0.002696
0.002698
0.002698
0.002694
0.002690
0.002688
0.002684
0.002676
0.002669
0.002658
0.002645
0.002635
0.002629
0.002625
0.002618
0.002614
0.002613
0.002613
0.002609
0.002606
0.002604
0.002601
0.002600
0.002600
0.002602
0.002606
0.002605
0.002607
0.002606
0.002604
0.002597
0.002593
0.002589
0.002586
0.002581
0.002575
0.002566
0.002559
0.002551
0.002545
0.002543
0.002540
0.002538
0.002536
0.002537
0.002534
0.002532
0.002533
0.002534
0.002531
0.002527
0.002519
0.002507
0.002493
0.002477
0.002459
0.002438
0.002417
0.002397
0.002380
0.002364
0.002347
0.002334
0.002321
0.002312
0.002305
0.002297
0.002290
0.002280
0.002270
0.002256
0.002242
0.002231
0.002218
0.002205
0.002195
0.002181
0.002171
0.002163
0.002151
0.002137
0.002126
0.002112
0.002097
0.002083
0.002071
0.002057
0.002042
0.002026
0.002007
0.001985
0.001966
0.001949
0.001930
0.001913
0.001899
0.001884
0.001871
0.001856
0.001845
0.001832
0.001819
0.001805
0.001788
0.001770
0.001748
0.001724
0.001699
0.001676
0.001650
0.001629
0.001611
0.001591
0.001573
0.001553
0.001535
0.001515
0.001496
0.001477
0.001460
0.001440
0.001421
0.001399
0.001376
0.001351
0.001322
0.001291
0.001258
0.001225
0.001197
0.001166
0.001140
0.001113
0.001085
0.001062
0.001044
0.001022
0.000998
0.000977
0.000959
0.000940
0.000922
0.000906
0.000890
0.000875
0.000863
0.000850
0.000836
0.000819
0.000802
0.000784
0.000770
0.000756
0.000744
0.000731
0.000714
0.000702
0.000692
0.000682
0.000675
0.000669
0.000666
0.000660
0.000651
0.000640
0.000627
0.000615
0.000605
0.000595
0.000581
0.000568
0.000557
0.000543
0.000533
0.000527
0.000520
0.000512
0.000504
0.000492
0.000484
0.000476
0.000467
0.000456
0.000448
0.000445
0.000444
0.000446
0.000443
0.000437
0.000436
0.000434
0.000431
0.000432
0.000431
0.000426
0.000419
0.000411
0.000407
0.000400
0.000394
0.000386
0.000377
0.000370
0.000363
0.000353
0.000344
0.000334
0.000328
0.000322
0.000321
0.000319
0.000317
0.000315
0.000319
0.000325
0.000331
0.000337
0.000339
0.000342
0.000346
0.000351
0.000354
0.000355
0.000362
0.000373
0.000386
0.000396
0.000405
0.000419
0.000435
0.000450
0.000464
0.000478
0.000492
0.000505
0.000518
0.000535
0.000556
0.000573
0.000591
0.000610
0.000630
0.000651
0.000669
0.000690
0.000710
0.000732
0.000758
0.000785
0.000815
0.000845
0.000876
0.000906
0.000937
0.000973
0.001011
0.001047
0.001083
0.001120
0.001158
0.001196
0.001236
0.001280
0.001329
0.001376
0.001423
0.001467
0.001514
0.001560
0.001608
0.001659
0.001707
0.001758
0.001813
0.001865
0.001919
0.001974
0.002029
0.002085
0.002142
0.002198
0.002252
0.002308
0.002364
0.002425
0.002491
0.002560
0.002631
0.002702
0.002775
0.002851
0.002925
0.003001
0.003079
0.003161
0.003247
0.003335
0.003422
0.003506
0.003590
0.003673
0.003758
0.003843
0.003931
0.004024
0.004122
0.004217
0.004315
0.004413
0.004515
0.004620
0.004725
0.004829
0.004933
0.005041
0.005148
0.005258
0.005368
0.005481
0.005598
0.005714
0.005829
0.005943
0.006062
0.006186
0.006310
0.006432
0.006556
0.006682
0.006813
0.006944
0.007074
